1 199 658 206 622 787 234 682 285 231 557 200 463 292 205 630 815 305 545 572 507 653 267 737 227 472 487 473 738 289 208 767 621 619 347 603 602 474 376 553 355 334 319 650 282 751 284 768 252 754 283 327 
2 623 336 621 622 458 509 214 553 531 309 792 436 698 790 462 206 304 243 234 319 500 205 624 625 541 472 346 215 199 572 793 474 709 658 208 594 
3 470 490 461 657 588 584 581 586 583 271 658 182 591 592 678 371 
5 667 
6 509 282 594 708 743 595 619 474 462 419 472 602 253 234 725 285 
8 403 790 553 698 682 285 235 650 292 738 725 796 750 619 295 500 
9 489 664 284 796 331 658 622 285 509 463 424 665 409 815 630 790 650 788 558 487 234 725 253 602 474 279 506 766 282 698 212 621 208 210 
10 801 781 718 334 
11 634 801 476 796 471 705 477 578 480 284 624 709 622 285 619 675 478 650 428 698 656 482 752 474 553 766 725 334 572 208 202 331 487 722 409 738 279 210 754 429 324 621 234 481 475 304 258 707 558 509 463 815 798 566 751 737 259 684 466 424 253 768 
12 214 442 333 703 429 211 213 458 466 684 696 253 509 234 722 604 790 276 327 815 426 766 215 236 675 486 296 474 243 321 
13 475 671 200 474 321 569 641 337 798 268 603 345 570 750 306 689 684 285 734 799 208 311 667 273 576 766 264 299 405 344 754 688 518 652 708 244 733 699 378 517 424 573 787 602 404 658 522 327 234 711 801 601 253 210 211 696 552 286 790 
14 723 253 522 521 688 234 327 725 787 790 576 299 748 801 649 212 554 750 552 509 208 210 619 285 306 708 641 603 703 754 475 570 684 474 815 321 462 711 378 573 559 200 286 602 
15 509 790 750 725 682 
16 284 340 725 738 253 473 788 709 637 285 754 292 564 227 322 602 748 424 594 234 815 679 423 750 210 687 297 708 768 334 321 419 765 714 
18 790 
19 634 462 754 282 285 283 607 725 423 253 621 619 623 787 474 208 424 815 709 411 278 286 284 521 602 
20 578 267 275 282 278 619 441 521 331 472 240 417 305 751 283 768 437 291 509 462 253 684 766 788 630 559 327 642 234 654 796 815 725 424 787 208 
21 766 632 315 786 768 208 463 645 714 320 736 257 304 552 285 475 641 758 696 299 500 253 800 327 276 509 411 314 457 282 284 560 286 619 559 558 687 798 238 324 303 815 210 751 623 750 346 621 726 636 754 474 
22 622 318 766 648 329 558 738 602 444 787 559 621 521 619 815 662 645 752 257 684 724 463 500 664 284 331 519 474 327 411 285 269 475 208 512 506 692 283 424 630 282 503 553 234 
23 636 441 619 210 572 602 787 463 752 552 462 788 754 653 698 558 570 424 708 796 553 738 748 411 750 736 500 623 725 621 
24 703 468 269 696 380 446 285 790 279 208 429 793 553 754 518 334 216 652 253 212 302 802 801 246 698 467 377 815 517 718 474 470 345 264 344 647 368 259 265 658 276 403 796 628 624 725 521 463 621 442 701 734 626 684 675 622 565 711 360 630 723 462 750 623 575 
25 247 752 603 658 342 553 216 718 405 208 507 232 334 259 815 698 754 327 566 360 665 619 473 253 623 442 314 521 462 630 199 634 463 509 213 214 358 458 499 750 796 675 424 624 368 711 622 565 269 725 793 474 708 602 723 500 706 738 646 684 
26 424 428 679 359 282 788 
27 345 462 253 292 234 503 344 473 
28 788 750 660 
29 725 521 650 286 507 578 506 622 277 554 738 232 642 603 244 515 553 421 630 474 733 296 284 799 320 282 749 696 463 334 558 405 509 790 815 279 500 619 766 250 720 227 652 697 289 285 449 624 487 651 754 292 698 801 736 756 767 210 341 234 658 621 667 682 333 679 711 340 
31 522 558 423 210 552 768 572 331 737 267 750 462 619 754 474 734 745 709 487 286 790 521 378 578 405 763 489 285 199 690 684 801 253 748 725 751 428 310 723 642 658 667 234 752 559 208 570 
32 790 522 766 327 474 684 521 734 559 558 424 725 641 405 630 658 330 744 737 378 801 285 208 200 210 576 554 619 286 572 650 799 316 234 321 417 
33 679 687 552 767 560 347 570 748 766 740 641 473 432 742 241 299 378 319 754 304 637 214 257 559 815 327 213 295 283 292 720 680 335 234 564 688 285 708 690 318 419 227 619 210 671 458 660 814 763 684 785 340 521 414 750 503 782 787 235 282 632 480 278 509 208 462 714 315 
35 282 506 379 662 787 560 390 284 566 766 640 411 500 273 658 208 489 697 790 325 521 326 559 256 474 573 621 277 533 793 285 788 279 257 725 263 597 234 815 619 675 462 507 738 253 553 650 286 684 340 436 403 736 424 624 698 
36 787 234 602 500 680 277 636 737 754 783 489 440 622 748 558 283 755 474 463 723 578 660 405 715 346 619 725 738 766 378 462 282 506 705 334 329 559 621 600 720 696 560 667 707 756 284 268 782 597 753 331 208 
37 346 738 766 462 282 622 558 440 684 815 285 660 708 707 521 500 715 755 783 234 489 667 277 329 748 734 753 763 636 756 405 578 424 680 720 463 284 705 782 560 602 621 334 787 268 696 378 474 269 208 723 253 740 600 754 
38 234 318 285 815 650 253 801 474 708 509 424 790 334 405 725 602 619 
40 474 282 285 766 696 509 292 
41 463 564 489 428 314 659 331 345 690 607 424 602 782 688 248 418 766 684 754 558 815 660 738 474 522 334 787 423 
42 766 815 684 405 331 489 424 558 690 285 787 474 463 
43 558 625 248 249 423 489 424 285 522 331 521 660 250 690 474 684 602 659 645 405 564 634 334 324 759 
44 738 660 463 766 250 405 688 558 787 815 285 489 754 699 634 249 418 331 602 324 424 690 428 755 334 522 684 
45 521 602 684 787 405 474 424 754 409 449 463 745 766 
46 474 766 285 815 331 424 684 405 489 602 564 558 
47 567 282 692 489 474 463 715 347 367 284 578 324 285 9 787 602 699 457 756 560 684 283 331 557 738 424 
48 424 738 621 289 558 803 572 564 622 320 234 762 623 474 411 754 782 725 253 602 208 634 636 210 463 292 750 787 624 796 
49 472 458 234 462 503 504 243 
50 750 708 767 637 299 474 798 227 344 292 619 766 754 234 442 748 815 660 675 253 
51 424 660 234 474 
52 511 
53 766 442 517 259 696 749 815 474 236 285 258 757 566 565 282 
54 750 405 210 474 801 619 253 754 602 725 234 572 208 289 424 684 
55 411 405 782 227 766 560 624 815 622 750 284 462 279 790 698 283 285 607 630 521 441 787 725 292 460 564 208 619 424 426 558 801 754 474 559 602 651 234 621 210 684 425 
56 214 285 213 346 751 251 458 725 815 435 283 276 474 750 215 428 284 243 602 500 619 738 282 
57 634 283 284 411 558 210 766 463 754 602 619 521 243 553 324 441 474 750 424 
58 474 284 553 333 766 621 796 602 558 725 463 803 622 282 285 411 737 619 316 
59 244 750 227 285 474 521 208 462 340 790 289 558 509 210 726 815 234 602 411 619 621 463 623 291 
60 787 558 619 554 621 658 278 289 602 208 462 292 564 285 411 738 521 622 664 417 474 
61 698 457 
62 708 793 602 472 253 619 637 595 234 743 748 474 462 815 282 594 
63 815 234 487 787 752 737 745 690 474 475 340 343 423 331 521 803 489 462 559 684 650 792 572 285 723 509 766 554 457 403 750 619 304 267 253 378 473 567 751 725 418 200 471 292 642 424 801 768 210 570 379 330 720 648 754 208 
65 650 658 268 
66 199 602 403 
67 461 466 292 718 458 750 708 277 386 499 655 722 333 698 670 658 647 442 566 715 474 788 725 429 421 650 738 507 696 665 700 679 202 416 707 729 285 469 802 720 276 467 199 216 790 660 565 756 435 652 243 322 608 637 656 415 282 684 283 201 426 259 682 247 346 470 351 302 603 403 294 675 602 252 424 801 619 463 697 314 
68 652 704 428 334 636 418 507 472 231 322 282 624 766 602 679 715 751 798 459 506 541 276 489 267 801 683 684 788 419 521 558 326 750 736 767 292 682 424 243 718 700 791 734 208 402 284 799 475 675 477 708 600 748 716 342 457 324 698 482 634 815 619 285 697 643 246 253 405 553 637 283 725 483 658 425 314 247 279 463 562 732 442 738 234 693 327 790 650 416 564 630 415 319 754 277 722 687 737 210 227 705 696 
69 798 553 603 376 675 474 650 385 470 790 507 704 267 705 327 243 418 619 421 682 321 754 642 579 718 314 738 279 405 696 509 409 283 799 442 796 284 500 664 449 424 602 791 334 342 748 292 346 232 208 698 277 643 463 415 815 234 708 521 725 630 506 801 282 291 558 788 205 551 541 751 227 268 600 720 737 231 416 253 624 658 469 
70 792 414 378 474 752 709 345 444 199 286 285 268 766 423 642 297 748 208 756 521 619 267 487 720 798 210 424 321 650 334 602 750 680 554 768 552 630 310 559 600 708 418 751 405 648 667 572 652 737 684 576 790 787 471 754 723 658 462 801 815 570 
71 679 619 322 208 708 790 768 725 559 278 327 766 282 284 231 799 267 319 211 289 674 509 239 342 263 738 463 798 283 474 425 462 489 475 637 467 756 564 791 634 698 416 734 751 815 285 636 558 629 603 487 630 324 457 624 421 658 279 716 665 782 664 652 604 749 385 506 551 210 437 788 334 333 426 292 464 737 687 521 748 320 767 269 405 415 507 736 682 667 253 769 801 622 718 472 435 235 684 578 697 500 277 750 
72 418 335 321 798 423 790 285 754 234 690 475 552 378 199 578 630 748 751 709 487 489 597 208 602 474 815 723 745 462 559 424 787 708 658 521 570 684 752 750 650 600 619 725 554 509 648 327 268 471 200 792 286 253 342 766 
73 463 418 602 690 475 558 815 474 522 314 423 521 787 766 782 458 634 754 424 405 625 684 660 
74 277 503 558 690 765 521 292 299 564 745 708 474 767 687 284 725 788 766 283 340 473 754 560 210 559 660 748 570 241 253 552 619 679 815 282 522 227 423 424 607 
75 199 283 275 292 331 654 441 257 285 558 788 521 305 786 559 327 766 517 597 785 238 282 740 466 578 227 417 619 790 462 798 725 715 424 472 267 256 768 253 684 799 815 208 648 792 642 
76 282 815 800 283 256 750 521 634 474 641 257 709 208 736 758 619 314 210 645 754 768 697 636 522 424 632 623 457 798 304 560 330 559 558 763 714 346 751 411 509 621 327 766 552 708 215 284 253 463 
77 521 428 457 208 684 750 553 282 801 405 462 292 411 815 474 754 253 415 602 709 289 622 790 284 788 621 285 725 210 449 424 619 558 234 
78 291 623 815 787 463 424 205 619 624 658 211 232 411 474 462 285 208 521 269 517 553 622 234 475 
79 725 602 285 430 554 366 296 449 782 283 767 756 232 737 250 463 603 507 801 231 642 234 333 236 622 720 565 624 421 578 489 475 405 696 500 340 796 698 279 679 487 682 244 521 506 579 253 733 247 235 754 791 798 242 334 403 553 630 210 667 320 650 790 715 736 284 208 697 703 558 233 684 619 227 815 799 564 
80 256 554 660 763 474 625 654 803 285 210 231 817 684 726 257 424 682 462 754 667 232 286 766 278 619 475 283 815 559 750 282 560 263 509 787 649 327 521 790 602 767 432 725 679 253 
81 327 573 795 210 815 790 257 803 767 227 654 660 284 554 800 667 560 619 750 208 253 232 475 787 521 462 286 198 424 817 474 594 684 378 679 509 212 726 211 231 766 256 763 282 234 263 
82 234 754 268 684 297 750 650 462 705 286 253 766 787 342 740 594 720 817 489 737 210 671 487 522 572 418 734 578 815 690 600 262 198 709 327 346 791 378 642 405 790 768 474 792 310 521 554 573 199 748 423 648 424 471 345 756 801 335 803 334 602 696 576 321 339 208 518 708 630 570 517 798 200 723 428 752 250 751 
83 285 521 474 607 745 754 725 619 284 234 558 750 660 766 570 815 462 763 424 765 625 282 423 690 
84 708 619 602 282 234 766 318 745 462 521 559 283 210 558 424 754 570 725 690 253 560 653 750 
85 414 431 199 578 684 790 679 766 412 619 296 595 421 284 788 509 767 815 630 258 283 474 603 814 253 238 602 208 723 227 291 330 339 278 256 791 569 305 594 572 322 437 282 257 753 292 419 214 648 281 817 725 344 234 267 213 643 505 472 
86 213 563 215 569 578 437 766 285 281 648 344 472 630 715 283 792 815 214 684 257 645 284 509 817 421 643 262 753 332 330 199 723 572 227 791 679 680 256 474 462 595 312 768 247 293 339 751 594 733 234 291 725 602 296 619 238 327 414 267 551 253 413 208 557 767 642 292 
87 412 684 768 594 602 788 509 642 679 733 619 282 267 790 283 284 753 413 462 392 208 339 521 474 327 308 815 256 285 595 432 751 578 508 281 312 253 
88 636 210 709 623 285 785 463 634 787 768 474 619 284 327 257 766 560 621 320 475 522 726 521 697 253 509 736 324 424 750 815 238 282 559 457 758 552 286 
89 707 253 234 458 621 624 622 705 
90 737 340 284 801 277 283 457 282 415 630 558 292 463 267 424 642 788 796 474 650 767 285 289 411 750 602 472 733 256 621 275 725 752 603 815 437 199 521 782 766 751 619 754 
91 559 815 256 603 283 257 521 578 472 411 282 428 621 267 285 474 754 750 289 227 602 463 801 277 522 558 284 790 424 
92 284 750 753 256 286 471 553 754 751 281 475 682 725 436 463 210 788 697 786 623 424 369 787 253 654 817 726 815 509 212 521 505 594 667 285 684 648 462 411 560 473 278 621 234 790 333 658 602 624 
93 250 475 474 249 782 285 684 690 564 754 815 423 558 791 787 248 331 463 424 489 634 324 
94 283 790 642 234 240 815 560 278 787 630 796 327 424 655 417 766 768 578 211 267 253 331 472 521 260 414 559 602 800 518 517 305 751 474 214 684 215 648 213 419 238 654 814 785 725 786 199 792 462 285 
95 284 474 475 766 285 725 208 787 463 458 552 623 256 417 708 419 667 745 619 622 664 521 282 630 621 457 253 424 418 292 
96 632 788 284 790 253 801 283 684 658 268 751 750 199 208 474 553 218 403 622 285 282 738 714 324 621 725 
97 792 595 285 314 457 474 621 319 472 755 743 336 602 292 788 715 684 553 750 342 403 346 790 282 815 324 751 243 
98 340 243 796 289 336 650 284 238 346 621 766 751 602 553 758 457 227 285 800 291 578 745 754 256 282 367 737 559 324 463 437 790 199 366 205 522 558 439 277 801 645 715 642 337 619 636 792 467 428 283 788 521 750 711 267 411 733 474 416 292 
99 801 472 457 733 411 619 521 630 292 750 267 282 578 227 602 815 558 621 422 767 199 275 522 553 424 463 800 758 310 474 766 754 711 790 788 284 324 752 725 256 285 751 737 210 
100 253 474 458 623 442 664 624 234 705 292 575 472 473 424 682 243 738 708 637 507 750 
101 253 
102 436 234 316 210 815 423 754 458 725 602 286 314 331 817 554 509 619 356 448 552 748 766 474 475 570 405 603 339 790 590 801 445 752 408 462 578 658 759 285 737 308 521 417 208 684 489 708 412 379 595 197 
103 675 602 
104 284 285 815 411 750 475 424 210 726 766 208 754 253 256 509 463 623 787 282 474 286 522 687 708 
105 553 411 602 463 325 621 285 423 750 684 817 324 424 594 472 623 215 213 309 509 234 334 619 435 815 789 578 595 208 214 790 344 345 521 754 410 475 733 425 753 342 755 418 436 
108 663 602 283 474 157 7 92 58 770 277 137 64 120 463 32 49 475 732 10 109 14 284 509 65 776 595 811 67 11 610 161 4 611 72 159 609 424 817 282 189 125 156 66 781 754 193 730 809 804 462 76 521 285 808 810 168 775 99 498 51 54 644 112 13 756 135 59 103 91 0 594 56 69 122 778 524 664 162 777 114 47 50 158 48 180 812 
109 120 817 424 23 11 754 474 8 463 69 356 509 156 594 664 154 595 610 270 609 10 475 
110 463 279 474 595 424 578 792 698 660 768 754 509 613 709 564 737 487 506 817 752 
112 285 284 602 474 475 286 462 558 282 509 766 463 
113 462 738 424 283 474 602 
114 415 738 
115 474 
116 463 424 285 763 738 
117 475 521 817 602 650 462 474 594 
119 474 
121 185 
122 754 529 
123 10 176 21 73 474 0 126 78 664 17 524 602 79 71 182 548 118 754 100 8 462 594 333 7 
124 594 602 793 462 808 97 754 6 285 474 521 
126 474 462 602 754 721 521 338 793 285 
127 111 189 78 48 136 118 474 126 112 130 135 188 424 79 99 14 6 100 131 51 58 73 8 7 11 176 54 89 10 21 91 114 684 182 0 664 
128 684 
129 189 135 56 276 
130 815 783 409 816 576 719 437 782 552 632 751 560 340 330 400 713 728 734 748 286 687 602 488 729 650 636 682 475 603 267 365 175 417 509 633 792 784 704 278 438 347 738 635 521 759 394 708 514 424 474 
131 782 278 356 417 286 630 708 331 650 475 748 521 759 578 766 423 522 424 509 
132 474 792 815 632 682 347 286 715 796 346 766 509 738 424 521 
133 751 474 424 642 267 708 603 687 409 376 738 763 2 734 319 796 748 602 488 815 
136 509 738 650 
137 509 650 
138 51 10 491 684 100 583 424 474 124 126 24 6 28 54 14 78 5 23 185 77 31 109 609 660 80 581 59 56 587 114 588 91 92 27 602 58 112 34 610 79 74 584 7 529 90 53 334 586 194 192 
139 8 334 11 
141 68 11 
142 8 11 424 
143 172 372 6 33 407 74 10 185 754 381 61 0 501 29 406 24 14 474 7 176 31 35 790 34 125 
144 128 705 424 285 684 
145 29 1 74 383 27 24 34 41 23 31 424 
146 159 123 610 76 
147 383 58 189 31 23 790 90 429 114 10 34 54 1 381 107 27 382 35 41 24 29 74 131 188 490 
148 424 11 474 285 790 345 684 
149 10 89 11 136 80 143 58 107 100 109 56 168 99 130 188 474 137 526 17 91 8 112 79 14 78 
150 474 268 
151 524 179 195 474 107 582 14 130 175 585 434 126 586 186 407 176 56 333 48 584 131 78 54 50 587 588 138 58 602 754 88 581 285 59 
152 684 474 279 584 
153 566 93 383 276 381 
154 509 500 594 650 815 611 
156 371 168 615 22 515 282 128 452 631 511 24 729 517 97 812 373 70 35 27 524 609 135 756 500 606 456 120 112 65 125 317 171 122 499 747 643 566 506 538 807 490 131 5 88 69 521 1 539 64 53 173 400 186 90 748 451 750 191 712 445 731 541 457 174 752 9 54 193 599 448 143 38 194 611 189 102 355 57 79 399 531 493 157 647 352 61 107 738 76 270 78 190 638 598 796 101 119 7 792 501 8 33 134 450 808 180 19 602 166 380 351 477 374 77 56 474 503 26 11 514 185 127 145 276 804 39 332 181 80 31 458 50 73 510 2 72 711 354 628 577 124 95 424 269 21 646 23 790 498 714 718 74 12 529 630 721 314 121 535 811 94 393 47 737 98 15 348 809 610 545 175 163 126 375 557 192 154 44 608 49 645 449 41 362 105 509 30 626 603 345 330 137 813 179 92 513 71 14 476 165 805 810 0 10 395 494 40 627 370 329 797 13 89 104 322 82 504 285 364 106 612 164 536 28 313 491 396 469 81 52 455 188 465 507 6 644 817 109 497 542 18 540 565 735 138 66 363 123 147 167 284 802 429 34 594 427 791 749 29 59 614 372 48 144 136 470 318 160 530 287 
157 345 285 
158 602 285 
160 11 68 21 
162 474 75 11 650 545 509 81 91 40 
163 11 73 
164 175 583 589 41 584 592 47 587 660 580 588 185 82 11 80 118 
167 95 74 168 424 35 602 249 97 248 474 34 250 
168 812 125 60 221 107 547 434 91 12 189 27 805 248 54 811 115 810 808 602 58 249 90 8 806 149 137 168 14 188 0 109 23 250 135 606 51 
169 23 72 27 725 11 8 168 249 69 68 
170 600 234 507 253 254 232 564 321 208 457 754 474 424 652 369 725 463 342 334 231 
172 210 738 424 234 215 248 250 
173 234 718 738 
174 787 748 751 291 424 475 745 815 234 754 423 320 660 462 570 602 
177 249 41 684 234 14 250 175 11 36 615 248 190 179 599 76 
178 220 750 434 15 248 109 188 224 172 185 82 58 119 474 685 526 137 112 115 151 56 189 351 11 135 134 60 0 250 59 249 107 8 150 54 
180 0 38 
183 26 124 618 76 3 159 587 150 113 674 619 526 808 112 14 553 25 177 19 59 749 221 1 77 17 29 78 592 581 725 583 176 804 128 23 142 133 123 62 582 461 222 47 157 250 586 575 75 555 27 104 171 15 323 678 812 220 564 434 28 416 805 212 172 56 115 224 31 474 40 384 107 811 294 35 22 211 727 51 125 48 566 10 415 143 111 134 82 589 292 74 588 677 604 38 202 807 207 580 37 58 361 675 151 
184 108 807 86 15 172 615 547 46 62 137 90 60 727 202 618 
185 12 462 175 
187 44 110 234 462 
188 249 34 248 250 35 
191 11 
192 525 248 171 622 424 553 660 11 23 474 624 602 684 234 500 658 250 621 
193 635 
194 817 474 126 79 130 147 53 8 55 30 668 192 658 24 10 509 660 806 194 172 74 805 5 602 669 101 708 41 52 28 46 384 35 0 100 7 11 617 612 31 23 6 684 80 131 104 502 424 14 501 36 33 766 78 
195 58 125 135 90 78 602 89 474 529 136 189 678 14 54 669 107 124 609 91 79 48 10 92 59 610 176 99 114 109 126 182 
197 490 
198 11 270 135 100 602 137 594 131 27 36 73 193 22 41 51 192 475 65 107 114 288 793 35 101 74 761 595 176 179 49 18 766 90 121 617 30 59 494 383 48 20 24 5 118 686 71 493 10 489 162 189 45 759 424 23 120 58 0 719 56 405 188 168 119 34 817 167 66 501 180 502 451 32 136 92 104 452 77 52 474 14 8 529 660 31 450 684 54 3 436 389 381 
200 595 594 650 817 
201 650 
202 424 650 474 602 684 756 
204 11 
205 11 130 
209 583 172 591 107 109 90 59 589 97 135 588 189 
212 463 709 602 77 474 
213 474 752 
215 1 34 31 
216 137 189 107 92 56 99 89 82 90 144 0 100 109 95 429 524 146 135 145 15 58 136 8 176 548 59 
218 157 41 210 151 
222 619 
224 248 250 253 
225 250 766 594 208 253 790 249 684 234 602 248 619 
226 176 78 3 619 10 249 250 62 
227 287 769 602 729 575 245 15 78 0 510 802 62 17 702 248 728 603 807 469 250 267 77 28 516 502 467 175 252 701 383 27 670 
229 19 15 236 424 127 
230 234 250 248 
231 234 
232 211 565 234 252 210 0 783 259 249 3 466 722 248 575 467 623 258 212 553 621 602 675 208 815 
234 253 424 248 790 8 73 602 33 179 208 619 111 221 684 11 157 0 62 17 78 195 10 250 177 22 234 526 462 517 
235 77 41 27 265 23 34 3 383 173 124 28 36 810 100 553 33 125 24 806 144 611 31 271 212 805 143 93 362 728 211 35 10 264 248 171 101 729 192 96 811 250 29 74 812 
236 11 248 
237 110 602 693 589 8 
239 248 213 553 11 474 215 
240 1 189 136 130 23 27 474 48 584 78 135 59 131 188 684 90 424 588 54 580 583 589 
241 621 48 23 189 619 28 658 248 474 553 609 624 622 650 249 610 623 250 
244 54 
247 250 
248 249 35 34 41 127 31 
249 815 284 241 553 210 654 509 621 738 411 619 645 277 474 367 405 766 257 578 285 268 636 558 283 278 790 564 720 751 634 533 463 256 560 725 756 715 475 648 754 
250 283 474 602 424 282 285 
251 109 383 811 54 381 59 698 7 51 58 
252 108 149 93 756 92 27 48 11 812 137 1 123 586 656 14 589 474 64 56 584 609 28 371 424 127 766 135 91 815 0 19 157 804 41 51 33 114 113 189 809 23 38 54 547 8 72 136 61 90 705 582 610 384 372 185 672 591 111 69 143 6 107 755 707 58 3 698 112 675 59 
253 111 474 73 48 11 602 176 609 10 582 153 684 33 14 424 22 
254 547 750 622 253 15 250 17 10 150 248 474 91 8 621 11 249 
255 253 
256 462 620 619 110 234 253 
257 234 78 
258 31 525 34 375 71 38 78 609 517 248 126 47 24 68 3 156 159 381 6 28 619 416 207 407 74 17 18 86 604 382 69 620 815 72 474 85 84 176 211 8 615 447 766 424 288 434 33 76 67 564 0 537 36 77 35 29 749 30 779 79 70 415 10 518 27 471 236 622 154 756 212 80 55 602 610 23 249 383 817 575 245 553 282 250 
260 285 249 250 553 234 619 248 
261 553 234 248 499 285 250 
262 248 
264 249 406 224 434 10 
265 99 609 54 524 285 179 474 59 602 107 664 56 14 
266 179 602 664 234 463 99 474 
267 211 658 172 464 31 811 553 34 35 150 192 182 249 83 812 221 524 1 810 804 212 3 28 807 81 25 383 60 14 502 62 24 10 29 568 474 78 
269 790 594 474 208 624 424 621 253 249 622 684 553 248 234 619 462 
270 381 750 88 10 811 619 84 120 271 253 182 812 15 208 371 249 248 110 101 
271 208 750 602 619 411 210 474 790 684 234 787 256 462 250 249 521 623 428 766 253 
273 55 424 474 250 684 249 603 248 
274 34 790 424 253 35 250 553 249 248 8 
275 0 171 285 624 124 434 62 474 71 143 622 526 176 228 672 288 424 115 234 220 619 210 524 623 88 462 229 553 125 621 151 599 78 817 521 
276 815 
277 60 524 101 151 381 131 434 221 130 177 383 526 99 142 
278 110 27 171 62 250 159 33 750 234 584 176 76 249 248 657 424 14 99 229 684 78 228 67 790 151 526 131 69 
279 750 248 474 234 790 250 684 249 
280 684 664 726 210 474 462 619 690 234 602 417 232 276 754 424 248 750 250 285 790 558 755 738 787 
281 458 651 704 
282 213 297 790 782 243 650 634 418 463 733 709 337 230 748 286 671 767 300 637 674 533 727 336 746 253 510 465 521 324 283 487 801 254 578 386 467 228 462 603 292 285 489 423 278 729 227 38 647 276 698 725 656 262 572 327 215 751 658 229 633 516 261 258 199 571 685 764 511 750 513 758 469 260 232 200 814 173 704 247 632 214 267 302 344 684 697 552 429 269 687 561 509 282 594 442 642 553 693 133 291 728 741 514 679 238 768 472 468 265 
283 509 650 
285 260 302 405 234 262 799 558 511 475 424 202 793 573 288 602 656 71 236 253 390 509 474 701 276 720 697 261 521 
286 90 58 234 524 253 474 684 91 619 509 815 
288 234 424 602 650 253 474 684 48 
289 156 
290 68 707 64 70 69 164 
291 27 424 684 463 589 23 531 284 
292 249 48 27 78 602 128 688 81 285 250 424 25 23 750 521 234 619 253 210 558 286 462 
293 424 602 234 474 660 
294 570 619 782 210 766 521 249 745 552 248 690 424 253 698 284 250 768 564 815 474 725 428 
295 751 725 698 
297 714 234 284 524 282 253 424 285 474 
298 74 474 
299 282 619 248 250 725 285 292 
300 1 250 176 41 24 202 34 234 249 14 100 35 323 29 458 611 28 33 474 31 12 10 99 11 
301 714 633 253 248 619 
303 480 478 13 0 47 
304 11 249 
305 619 474 602 248 250 463 285 682 
306 619 620 
307 619 474 754 253 463 248 250 424 232 
308 750 253 248 250 
309 11 
310 15 725 250 249 
311 684 725 474 602 253 250 292 248 285 234 
312 509 698 650 
314 248 249 236 756 229 11 151 252 
315 619 210 234 594 248 249 11 
316 171 58 109 48 107 56 79 176 285 10 131 151 529 383 0 126 424 62 7 33 14 54 50 
317 27 589 406 424 684 474 553 74 23 35 138 285 34 129 249 78 790 725 253 
319 234 509 815 619 
320 250 619 234 248 11 750 680 
321 124 82 73 125 
322 321 
323 208 619 463 249 248 750 474 8 250 815 
325 250 248 249 234 
326 565 566 529 722 11 575 
327 59 207 113 61 188 56 434 25 29 104 38 221 83 73 80 474 114 220 40 160 224 225 48 33 27 526 74 81 28 105 176 89 8 31 23 107 58 185 34 24 109 461 62 37 60 137 0 79 75 90 115 41 54 186 77 22 150 47 35 
328 416 11 248 602 415 
329 0 11 250 149 108 8 285 618 53 249 619 
330 54 292 
332 474 1 249 250 234 15 11 415 
333 282 292 234 250 248 283 249 
335 474 650 34 285 424 619 234 41 118 120 
336 285 424 234 622 474 
339 221 29 69 234 47 176 31 120 185 40 154 83 125 754 1 208 224 282 3 156 67 24 675 738 10 68 0 284 285 128 474 74 73 127 81 11 
340 524 309 474 424 283 462 594 602 463 234 284 285 
341 487 214 210 521 815 509 738 602 474 457 424 472 285 619 213 499 334 506 423 545 376 215 698 234 
342 248 507 602 208 509 334 748 250 327 521 276 474 621 815 234 285 286 210 791 619 
343 817 248 619 250 738 249 750 509 594 
344 78 250 425 237 559 249 
345 77 35 28 31 29 10 34 23 
346 248 4 31 738 74 298 8 282 127 41 249 29 35 3 34 285 474 1 
348 803 725 619 762 249 602 282 463 8 342 248 623 815 474 621 253 250 
349 756 
350 86 249 474 54 619 609 808 253 584 234 684 99 
351 815 619 684 253 234 248 766 78 
352 72 811 84 59 248 623 47 296 92 346 805 90 58 624 10 806 27 250 249 23 474 15 478 625 476 253 91 48 807 480 812 484 
353 801 703 10 77 773 776 624 34 778 35 474 610 151 74 189 8 772 15 684 609 625 770 27 623 11 23 611 188 
354 250 815 474 248 
355 249 171 28 406 10 23 248 27 285 11 
357 130 804 623 644 511 221 143 813 211 0 362 115 224 624 807 171 62 622 14 234 19 60 553 3 696 78 461 47 222 282 208 652 131 621 249 76 619 125 609 10 806 36 11 99 212 756 253 220 805 93 33 127 250 
360 804 461 809 112 442 157 382 222 114 73 59 82 375 113 107 812 220 526 381 150 808 436 151 221 115 47 56 109 361 58 159 130 
361 725 110 619 76 
362 509 150 15 664 
363 90 112 58 59 135 812 565 51 136 125 188 137 109 810 189 107 56 718 
364 684 31 424 18 812 28 35 10 34 29 27 41 602 24 811 
365 602 665 123 738 696 611 793 11 131 8 124 130 582 787 41 474 
366 424 474 500 684 698 
367 205 278 558 318 636 330 521 734 619 475 310 602 752 532 815 424 284 331 751 554 342 531 347 405 711 766 578 765 267 745 286 282 
368 189 188 1 672 52 14 41 474 107 92 54 673 171 59 498 192 136 151 135 0 113 91 10 56 221 51 89 150 58 112 124 
369 249 37 40 
370 234 136 167 168 
371 107 99 58 135 10 56 54 333 250 524 189 188 48 
372 92 131 53 135 174 56 89 526 59 60 160 382 498 384 58 130 151 114 112 137 90 524 189 177 194 191 107 381 222 113 221 188 
375 150 474 130 248 25 5 14 37 805 11 1 382 383 250 202 93 185 249 40 115 53 119 806 684 22 33 99 143 476 23 34 611 83 10 35 234 478 729 31 575 27 502 362 26 477 36 82 131 60 75 62 192 672 387 110 125 480 28 484 0 128 47 
377 62 383 609 110 
378 253 276 624 621 623 622 
379 8 621 509 1 64 68 69 234 658 619 474 684 660 815 622 602 248 
380 424 474 602 130 718 621 684 208 131 334 815 249 234 
381 773 
382 624 253 621 622 
383 3 125 10 624 1 159 34 28 78 76 23 35 14 143 124 516 619 622 250 249 29 248 31 609 253 611 474 27 
384 810 131 234 111 157 33 664 46 7 118 10 619 248 684 138 517 160 808 106 130 100 8 518 588 582 23 78 474 237 73 172 6 250 622 812 624 511 177 598 584 11 602 14 28 811 208 17 253 101 621 5 
385 801 
386 131 382 728 722 729 87 236 
387 108 668 110 111 130 806 27 287 69 673 85 177 698 424 228 745 766 625 81 775 715 1 773 70 619 760 620 612 119 770 808 381 134 586 802 296 756 809 382 154 74 362 31 811 480 64 814 268 478 30 24 176 3 248 805 476 804 38 129 10 104 82 769 255 585 578 518 37 229 684 133 250 41 126 185 253 670 366 29 405 477 11 588 302 6 614 778 630 815 780 0 201 244 40 779 608 602 75 78 181 230 674 17 767 234 383 581 47 757 35 36 12 131 604 148 634 15 574 46 481 772 589 80 702 246 84 575 236 249 807 584 247 722 25 138 83 202 484 143 73 26 8 617 582 23 583 603 774 669 672 323 55 14 7 127 33 68 87 707 697 777 298 592 683 723 93 810 28 
388 285 234 684 284 
389 581 126 179 285 588 76 584 11 138 77 424 175 586 759 5 529 99 160 593 524 334 79 
390 529 592 126 21 602 56 107 80 99 79 109 100 524 138 48 588 114 89 176 112 179 11 182 92 134 101 7 189 53 111 511 58 5 10 175 407 584 587 186 664 71 54 581 120 130 78 8 6 135 585 424 160 73 136 131 582 90 0 
391 276 602 582 474 586 684 588 808 6 
392 773 
394 708 
395 526 53 285 33 808 586 194 611 35 129 126 31 424 29 62 157 581 127 14 589 323 10 80 524 351 580 79 463 171 174 74 
397 221 77 285 424 462 415 334 333 185 416 131 524 
398 524 547 129 701 581 208 599 574 619 584 68 334 588 110 69 523 333 130 434 138 790 131 8 234 
399 359 622 594 619 467 234 684 790 462 621 
400 285 11 553 8 283 282 655 442 750 250 416 754 415 249 684 
401 14 
403 28 253 33 594 234 284 602 505 249 572 619 250 297 305 767 462 751 285 424 312 
404 282 
405 655 285 249 250 725 283 284 234 619 282 
406 170 817 100 675 27 253 155 201 462 539 132 65 14 604 10 595 32 71 176 85 78 62 420 602 729 250 248 73 616 138 16 23 521 11 312 17 28 551 282 412 33 284 619 249 446 815 120 424 88 766 283 285 527 431 
407 815 725 766 292 249 253 248 234 
408 234 250 525 725 602 619 249 815 248 282 292 
409 199 248 
410 751 292 798 
411 15 236 210 725 
412 725 
414 11 23 383 15 78 646 27 249 434 
415 179 8 83 34 35 6 
416 180 
417 23 78 10 77 708 
418 650 68 172 0 250 334 71 79 405 33 523 619 253 40 489 475 37 128 69 67 248 474 
419 210 80 
420 650 10 8 47 248 334 82 773 17 199 73 465 
421 176 684 164 26 35 154 547 462 33 83 64 10 68 121 23 521 120 517 27 16 21 8 575 6 78 756 518 599 47 32 17 424 15 229 250 34 108 230 0 285 234 73 74 528 25 790 81 210 602 143 14 71 248 24 11 228 750 139 28 474 142 665 196 295 40 88 179 
422 249 684 253 750 725 62 462 88 790 285 
423 210 285 533 602 424 650 787 248 378 249 750 553 250 462 15 449 71 521 208 253 
424 684 249 750 602 725 253 15 378 210 462 521 449 463 3 248 650 250 436 474 234 208 
425 234 248 787 253 250 378 474 208 3 650 750 462 249 553 424 449 463 684 533 
426 249 234 
427 434 107 73 115 208 82 253 62 221 21 234 109 58 114 56 151 
428 208 234 
429 25 83 150 0 120 115 208 1 461 23 75 128 28 63 81 185 253 77 40 27 151 234 
430 208 253 78 474 100 174 684 194 553 318 529 790 234 801 95 424 521 285 
432 185 110 129 136 138 190 199 82 
433 74 24 790 725 584 81 62 589 655 587 588 35 8 34 234 29 580 111 382 126 33 23 665 701 27 459 37 15 119 79 615 28 434 287 248 575 383 21 703 6 5 426 20 186 225 586 36 230 750 547 591 73 228 769 31 381 80 108 75 11 149 212 604 406 83 30 250 120 40 77 249 407 581 619 176 25 151 517 26 78 150 526 
434 249 131 81 754 285 25 118 74 575 584 684 130 587 11 253 150 588 35 33 234 29 111 75 665 619 581 424 23 10 474 34 580 79 17 15 461 750 14 126 250 582 517 586 37 31 578 725 526 119 407 40 186 24 73 0 128 406 176 151 221 655 
436 195 92 134 41 446 181 114 207 226 565 23 51 3 47 82 294 208 296 224 622 220 652 202 526 142 474 25 136 113 77 575 172 22 83 566 751 528 416 555 40 10 724 81 405 89 104 179 580 182 177 171 756 750 283 12 189 753 222 111 199 553 442 623 409 216 0 21 48 587 558 75 143 625 249 119 20 459 285 15 591 67 725 432 176 582 29 453 413 621 614 221 55 592 433 188 106 54 11 150 91 615 225 159 133 655 584 80 311 74 186 137 110 727 24 272 411 456 71 585 38 284 64 151 666 157 729 14 124 754 68 651 115 76 156 125 531 536 586 60 168 589 274 37 58 412 73 33 454 138 415 253 292 618 19 250 78 234 307 577 604 352 69 18 749 62 27 154 185 583 351 17 375 406 112 72 31 428 127 657 59 
437 234 382 253 575 110 185 8 622 62 621 
439 547 253 
440 27 23 28 142 58 59 151 143 188 135 109 137 159 90 381 
441 345 88 619 
442 487 
443 580 285 801 253 424 28 790 553 110 199 344 60 619 115 77 171 150 234 589 588 
448 76 73 119 
449 92 498 188 610 100 176 79 474 609 56 126 135 58 524 99 10 107 109 114 48 
451 115 60 149 781 588 108 62 15 93 375 84 526 511 586 584 434 
452 249 704 
453 684 637 331 208 787 738 462 269 424 622 815 234 253 509 782 602 423 648 619 334 489 621 474 411 
454 276 234 253 509 684 622 624 208 621 370 383 474 815 62 730 
455 474 424 234 650 602 253 208 
456 424 599 801 234 23 790 474 253 582 684 78 202 581 210 27 621 372 624 302 208 602 
457 424 658 11 8 650 609 610 28 23 474 10 27 
458 76 130 62 811 159 809 110 172 143 134 47 115 100 0 157 142 146 8 99 15 810 808 221 
460 27 804 104 28 806 811 127 51 25 323 807 109 0 33 81 808 11 40 37 8 114 82 19 171 77 812 54 518 212 1 248 10 34 157 474 31 83 14 665 124 23 3 749 78 128 324 249 517 113 58 47 107 618 26 56 29 59 35 809 727 74 73 250 750 435 125 
461 424 621 619 602 738 474 62 521 475 249 622 250 
462 249 11 48 250 54 475 619 248 521 
463 8 109 188 248 3 599 750 92 107 474 73 113 24 90 189 160 33 127 54 59 101 1 498 114 82 35 51 57 74 34 137 14 31 41 58 95 80 56 185 7 135 237 144 15 0 94 434 192 6 23 53 250 11 78 176 48 
464 234 90 8 176 137 14 136 253 609 621 622 249 91 498 602 248 56 58 23 424 250 7 22 208 10 33 114 48 27 113 610 92 112 521 598 100 189 624 73 511 11 59 664 474 
465 10 41 27 54 
467 234 62 11 
468 10 
469 253 619 248 344 1 250 234 
470 684 250 248 179 
471 91 
472 602 176 250 750 8 11 
473 234 250 619 248 
474 11 
477 192 810 52 812 182 804 808 383 809 
478 321 601 
479 790 208 619 234 232 253 621 
480 130 797 136 100 424 474 79 53 7 134 548 120 51 194 107 160 27 59 80 381 370 92 285 112 6 91 55 137 90 182 54 371 109 56 23 77 78 383 114 28 
481 40 8 317 279 
482 59 474 409 90 
486 684 711 696 333 177 474 
487 177 15 157 130 804 812 159 100 76 131 134 47 673 811 672 323 809 461 810 
488 804 8 461 137 47 131 91 7 738 0 160 92 109 40 37 11 808 182 414 271 68 76 333 524 58 6 684 475 128 136 48 99 90 107 54 564 59 14 114 72 
489 100 529 185 656 11 
490 434 15 134 179 812 177 159 323 19 808 176 6 76 811 787 804 82 474 47 0 105 436 37 384 809 157 40 
491 76 10 159 60 62 100 474 
493 667 
495 725 
497 27 
498 76 
499 31 90 114 135 62 808 189 109 137 60 10 24 474 34 250 1 41 29 810 35 112 284 248 107 78 236 609 14 59 249 56 48 188 372 74 
501 527 425 474 815 623 248 250 208 750 754 426 
502 466 0 424 15 211 517 696 284 749 212 322 282 435 249 14 788 474 756 618 463 
503 787 248 285 474 815 619 521 283 249 621 282 750 210 250 558 698 788 463 284 
504 282 424 299 284 285 815 534 507 474 509 463 256 660 249 619 697 521 208 250 558 248 297 621 411 623 650 787 475 
505 511 249 
506 738 323 463 62 474 99 
508 24 189 136 54 23 59 48 112 41 58 518 211 248 107 35 74 188 474 34 212 91 426 287 210 424 425 250 27 114 1 150 
512 28 23 27 
513 250 517 27 
514 73 381 26 249 248 15 160 474 780 815 276 157 90 
515 179 76 126 10 474 136 54 553 48 725 80 79 3 159 250 91 248 0 249 
516 553 41 15 529 248 474 250 
517 73 185 80 
519 652 475 684 282 208 474 424 602 253 553 284 558 234 210 683 521 463 718 333 657 
520 720 285 320 736 234 790 791 751 210 602 405 474 521 558 725 253 709 208 684 754 
521 210 665 199 409 474 324 750 424 297 521 405 790 737 763 725 366 709 684 234 558 253 
522 424 334 801 425 738 509 283 682 463 698 684 737 416 474 415 750 249 250 253 475 292 282 
523 286 333 
524 682 708 286 664 521 463 462 509 558 602 787 754 284 726 475 738 231 687 232 
526 799 553 416 377 208 256 309 325 736 798 424 463 793 474 594 605 411 338 650 253 
527 594 750 
528 602 474 725 509 327 642 234 283 284 558 653 305 331 787 310 278 792 282 227 275 208 462 285 557 788 790 205 751 232 424 578 648 330 
529 411 705 
530 518 449 540 5 457 545 194 323 450 20 179 754 386 458 805 71 97 707 650 36 730 77 282 83 68 470 23 174 94 175 709 698 52 717 752 647 110 714 469 69 536 41 6 35 24 108 30 786 21 8 547 78 549 146 680 17 333 133 75 797 53 111 126 566 31 28 531 127 34 72 524 557 176 454 177 541 14 100 33 414 710 98 456 19 461 598 608 64 446 577 751 344 718 145 22 670 119 748 646 517 389 95 429 3 813 39 55 445 332 390 732 182 47 0 25 330 82 130 755 15 513 756 324 185 529 81 79 684 73 594 452 387 423 80 806 102 760 687 544 807 719 459 128 190 147 99 535 138 388 46 74 181 
531 119 589 333 664 580 581 0 81 31 80 22 176 668 591 73 74 663 582 524 21 548 36 99 754 75 23 83 14 669 28 6 40 108 33 10 29 147 77 535 5 78 587 474 128 146 459 35 684 100 735 
532 806 797 540 429 55 414 68 531 311 23 28 14 717 82 11 78 719 509 29 577 53 344 97 34 535 175 608 282 529 126 545 456 513 276 154 176 47 83 25 174 179 722 729 421 748 524 27 130 557 74 5 450 805 12 33 128 730 732 457 602 22 138 81 147 455 145 40 108 3 603 95 131 98 424 10 8 469 37 453 518 650 181 728 452 566 607 759 549 684 754 454 173 144 73 39 67 21 69 35 30 31 80 0 20 718 474 332 77 
533 76 73 684 11 8 474 138 78 
534 333 351 474 684 
535 751 
536 171 462 425 
538 144 97 188 56 548 172 58 189 89 143 137 54 11 145 51 135 109 73 524 100 142 
540 8 684 750 248 250 11 253 110 790 474 
541 248 234 788 751 790 208 411 249 750 553 754 
542 250 248 526 99 553 684 434 424 529 221 249 474 171 10 
543 248 76 88 250 253 725 234 
545 586 587 584 583 588 581 
546 179 134 10 333 0 69 118 249 143 101 11 86 110 192 248 424 474 131 602 285 462 97 250 72 12 524 475 208 
547 474 462 682 345 463 424 1 553 208 234 285 121 344 171 249 521 
548 462 97 99 14 248 250 249 474 12 130 388 78 171 131 0 179 10 23 60 211 212 129 224 62 11 333 115 464 221 517 143 553 
549 248 462 250 11 
550 553 62 647 208 88 73 32 234 651 138 249 78 285 176 177 11 663 535 362 474 602 527 604 67 156 462 646 47 221 529 120 186 110 248 69 424 302 100 72 143 
552 474 208 248 234 
553 650 88 462 
554 248 
555 344 474 249 130 285 250 725 248 434 449 
557 267 801 725 787 367 684 205 654 424 284 579 697 707 474 621 765 411 285 634 234 366 462 766 762 253 208 385 199 553 324 487 558 790 623 815 783 636 275 803 
559 177 34 221 62 31 157 60 801 10 210 
560 179 15 253 88 11 24 31 8 10 773 770 151 
561 424 
562 80 11 
563 415 474 
564 78 812 59 70 25 668 584 131 72 189 54 58 585 136 524 29 64 474 555 83 74 31 91 580 160 3 589 92 24 811 176 157 323 10 137 135 33 107 28 586 35 188 69 82 90 582 27 11 48 119 51 804 130 0 37 384 47 581 19 602 414 179 372 89 56 34 529 80 
565 253 54 529 129 130 11 131 248 547 434 575 
568 582 584 583 136 110 586 594 12 589 580 91 
570 128 48 34 35 31 130 1 
571 253 622 709 
572 126 289 119 15 621 70 1 280 725 791 115 282 11 411 586 81 537 151 524 766 195 378 564 0 83 815 16 518 226 68 3 29 602 164 64 196 160 413 40 234 183 78 250 8 292 159 674 384 415 38 203 527 158 80 582 225 788 62 31 47 204 521 323 171 208 675 120 528 474 71 118 77 27 424 14 253 414 32 284 22 301 517 499 20 223 539 651 65 221 25 248 754 75 584 34 57 35 202 782 76 63 28 416 157 209 618 653 9 19 74 184 60 622 33 526 551 381 402 589 283 339 508 624 353 10 82 625 26 553 5 412 156 
573 250 474 41 248 684 
574 652 189 222 19 137 553 250 31 75 22 3 159 225 29 151 323 74 442 83 80 526 809 89 113 37 60 384 1 38 15 92 157 90 249 212 17 665 372 604 754 77 804 550 26 808 109 58 248 128 59 73 675 62 435 79 23 11 575 722 176 47 34 14 8 812 188 114 749 474 414 48 115 10 211 78 370 202 107 221 608 126 56 150 
575 474 78 477 111 127 478 41 128 33 131 490 480 650 484 
576 650 
578 367 424 463 521 285 602 736 333 474 754 733 650 545 283 
579 738 
580 268 815 
581 366 558 449 766 284 463 602 282 564 475 283 737 815 521 
582 463 284 791 602 815 285 475 817 521 377 766 457 474 541 283 594 
583 62 97 113 51 82 80 188 15 89 750 135 137 60 599 56 100 52 524 434 189 90 101 109 526 99 114 
586 8 
587 250 
588 506 507 738 
589 215 442 15 249 250 285 214 738 213 0 282 619 351 284 602 
590 248 
591 120 195 69 808 196 809 33 55 76 125 810 607 517 249 164 68 35 518 73 722 8 47 575 324 64 284 340 7 446 15 31 1 24 375 20 121 424 285 442 289 38 66 250 25 165 83 119 0 26 27 128 74 782 155 804 82 248 282 3 156 521 621 283 812 594 123 178 280 124 154 127 749 187 40 203 750 157 599 806 791 11 159 67 29 263 13 805 341 21 116 176 811 
592 619 750 
593 249 250 602 276 282 424 722 718 11 738 619 333 
594 248 88 738 619 750 282 725 250 
596 594 289 285 595 282 553 344 227 788 817 815 424 
597 801 725 
598 722 621 525 
599 25 790 611 33 594 449 540 75 619 1 285 352 199 815 725 766 
600 28 525 70 138 294 336 798 456 815 547 307 27 749 429 380 300 620 148 216 3 594 553 26 424 722 788 23 472 337 40 128 199 38 415 37 457 179 0 453 469 205 619 282 416 799 
601 14 602 558 153 285 81 405 28 366 525 210 801 55 267 553 487 619 474 54 8 790 167 622 641 521 424 176 621 
606 586 188 41 49 107 114 189 171 135 92 193 582 23 71 0 52 192 34 35 24 11 33 54 180 90 610 78 381 588 29 474 109 112 511 58 80 27 3 584 383 56 14 53 8 182 
607 790 478 41 559 228 250 480 259 258 477 
608 757 14 78 23 370 371 15 179 756 84 86 249 58 801 524 0 6 8 248 10 85 381 107 28 474 56 109 113 
609 249 409 801 
610 248 815 243 474 23 250 27 424 5 324 210 297 
612 60 115 308 480 222 595 424 34 107 449 30 615 168 54 18 481 478 287 51 151 31 66 485 77 29 41 630 5 62 373 58 474 815 267 88 120 185 114 737 476 112 119 635 35 371 594 27 59 121 
614 815 
615 801 
617 585 582 581 587 589 583 580 285 
618 250 249 575 
619 249 250 
622 766 602 339 622 250 474 597 475 248 817 249 463 
623 307 619 282 647 474 250 0 83 248 284 322 575 725 283 442 646 285 202 249 
624 107 176 73 11 151 54 17 248 114 323 62 250 14 362 602 3 78 109 48 10 249 474 622 526 56 113 51 221 0 172 27 143 
625 250 584 351 249 248 
626 264 587 583 588 249 10 172 14 74 47 474 11 586 15 160 159 
627 584 75 249 74 282 23 41 284 176 27 587 10 40 474 26 128 24 171 33 37 127 31 628 627 83 81 28 77 3 1 592 36 
628 589 248 478 285 250 362 249 0 619 480 591 282 
629 249 575 41 11 602 725 619 285 248 283 291 803 
631 216 15 
632 95 250 276 434 157 248 
633 23 10 27 73 33 11 
634 15 248 71 20 21 121 
635 621 11 649 622 
636 211 464 602 248 669 253 615 221 415 34 465 524 121 10 62 276 250 24 249 78 115 568 416 474 29 668 212 
637 76 
640 76 
641 302 216 442 276 474 
642 11 73 526 323 60 62 
643 74 77 220 126 34 23 14 31 35 28 27 250 41 10 127 228 248 47 
644 23 176 41 27 
645 622 250 73 621 150 434 60 623 62 
646 361 114 588 40 73 383 81 207 58 83 30 115 62 589 38 82 75 609 31 171 23 26 72 36 150 581 586 461 74 28 623 51 77 526 565 107 25 20 725 592 622 120 60 71 19 164 64 67 382 78 21 375 176 553 48 0 35 234 208 69 47 34 220 113 70 253 3 24 109 151 59 27 
647 814 25 81 383 34 83 59 213 35 23 27 31 381 74 107 172 58 29 109 179 
649 77 
650 765 234 579 457 725 474 205 472 315 619 801 279 292 803 750 253 62 
652 292 621 624 
653 253 725 
654 94 134 57 60 137 151 17 520 82 220 434 160 185 193 146 730 96 375 180 101 107 174 59 144 115 526 11 189 97 95 461 602 99 61 150 194 47 172 56 519 49 51 15 224 62 80 113 112 188 135 192 92 
655 790 205 622 788 284 292 553 815 424 684 521 256 267 415 257 475 283 474 603 558 285 327 506 416 650 227 472 463 
656 231 621 622 509 521 418 234 474 297 210 253 624 706 462 708 817 619 423 623 
657 650 
658 304 
659 248 698 249 815 
660 815 249 248 250 
661 208 234 624 243 355 622 474 253 623 698 621 705 
662 91 146 48 54 0 24 77 78 53 56 96 31 239 774 92 107 80 74 778 135 126 51 615 137 27 474 109 59 174 114 498 619 775 776 194 136 773 28 770 23 35 211 112 110 771 95 55 
663 595 316 253 234 308 474 277 475 606 463 613 462 285 208 521 
664 23 29 622 174 176 623 113 68 668 624 54 48 151 27 434 62 78 114 28 81 535 77 115 285 171 146 120 208 348 51 82 69 40 221 225 669 64 517 118 594 207 462 107 49 34 150 186 220 160 37 168 74 25 465 0 21 99 24 79 154 518 56 80 524 31 83 59 234 88 461 126 
665 76 125 207 208 62 619 434 60 474 565 78 462 284 150 415 285 159 115 253 
667 382 26 74 143 29 28 383 40 27 176 684 405 801 73 35 41 474 127 609 0 81 1 6 128 142 77 25 95 110 145 34 78 83 24 23 644 611 
668 790 77 268 660 29 34 127 24 619 474 801 684 334 
669 777 584 176 518 27 80 31 47 34 55 388 434 381 591 779 474 580 77 194 582 770 207 682 19 1 232 619 174 33 99 287 586 781 620 57 144 76 517 253 53 771 775 29 36 772 79 383 24 35 159 6 0 30 589 3 28 126 778 465 776 588 609 
671 658 
672 29 143 134 383 31 23 474 24 553 524 77 182 55 36 93 142 28 34 
675 412 474 619 684 
677 594 234 801 253 
678 803 801 234 199 424 594 684 253 285 474 
680 660 253 801 199 
681 199 
683 210 234 253 619 
686 705 159 
687 207 0 185 172 779 619 134 461 151 
688 584 107 808 90 59 109 
689 586 587 588 584 
690 474 110 271 547 
691 107 90 59 
693 129 188 189 253 
694 28 27 424 610 47 171 159 222 434 810 220 624 100 433 383 809 82 225 591 234 219 46 60 609 652 781 0 22 388 808 33 131 804 812 588 3 529 553 375 585 99 176 62 19 111 619 584 407 78 73 208 115 221 474 146 586 
696 656 
697 78 253 208 622 619 815 474 234 
698 78 579 171 199 253 54 424 619 650 684 474 509 622 
701 71 253 70 80 
702 524 811 812 31 23 27 34 41 
704 10 474 14 
705 11 138 602 
706 134 73 99 131 138 130 11 143 372 93 101 
707 144 145 61 159 809 160 811 125 656 808 47 810 147 812 130 
708 8 250 248 524 738 151 249 754 11 499 463 
710 52 101 142 174 143 813 0 381 524 194 125 124 93 599 57 47 362 80 276 806 
712 176 77 10 665 296 78 83 
713 78 23 
716 718 461 471 435 474 424 188 344 202 372 815 292 624 283 157 189 285 234 526 623 707 109 
717 248 738 234 249 11 
719 248 619 344 602 234 
720 248 619 292 750 
721 100 524 151 99 131 157 62 130 221 
722 815 559 560 462 725 621 208 602 411 714 786 796 473 521 619 558 257 285 284 623 463 756 282 256 
723 248 434 621 725 250 529 619 123 416 565 415 249 234 78 15 276 159 
724 285 24 211 208 138 1 78 553 192 3 611 41 250 185 249 98 100 74 124 97 384 10 111 34 125 31 14 248 
725 790 250 686 8 67 208 210 248 619 725 11 5 
726 46 120 71 381 11 511 17 131 524 53 80 99 100 750 73 529 
728 334 650 754 619 725 232 249 602 708 658 234 250 285 13 474 680 8 
729 90 189 107 137 188 112 74 602 383 334 474 27 59 684 24 34 33 51 92 100 498 35 29 160 136 23 91 610 135 56 114 52 54 14 77 463 48 424 110 524 186 
730 474 
731 182 92 3 11 17 90 56 812 157 0 7 135 126 59 810 188 189 672 54 524 48 26 10 40 248 250 159 73 113 815 91 128 137 51 47 804 249 811 808 109 372 732 112 79 8 176 58 809 323 
732 756 331 602 311 
733 675 11 323 62 302 
734 234 62 434 110 
737 411 623 267 474 475 553 291 309 248 325 622 250 624 619 594 621 521 234 595 650 817 462 457 787 
738 344 309 787 472 595 457 594 474 650 624 234 462 436 553 622 285 248 249 603 208 
739 11 78 333 
741 91 644 144 812 808 501 602 434 0 90 619 105 388 53 188 136 611 474 348 524 110 811 137 100 622 135 192 174 89 97 145 594 41 194 
742 276 159 58 107 54 318 602 90 52 285 250 76 131 553 248 249 474 
743 602 159 248 484 812 322 14 478 565 752 754 123 474 292 621 1 477 738 553 17 250 815 476 811 305 480 
745 259 526 285 553 143 619 208 220 434 622 100 521 78 602 462 624 71 474 134 3 171 523 62 433 
748 135 54 49 137 136 660 91 77 71 189 128 107 664 27 24 1 51 74 170 510 20 58 381 193 25 146 14 90 120 36 474 33 112 188 81 59 383 524 382 11 37 23 53 114 35 29 40 599 145 56 144 52 41 75 83 34 113 92 176 82 
749 159 36 235 738 30 809 506 156 549 80 319 192 137 633 99 119 91 502 333 810 123 25 56 696 124 112 207 48 764 14 280 208 154 234 37 157 180 12 276 251 317 372 346 100 82 146 118 51 77 610 185 805 735 599 323 170 38 370 664 70 202 727 174 812 176 807 55 75 92 47 13 71 40 34 24 531 35 113 414 41 763 21 284 541 538 98 114 537 283 189 59 126 371 1 193 515 669 127 344 675 233 73 107 19 248 125 804 524 631 11 122 598 78 89 459 43 52 191 611 168 535 109 231 120 739 49 564 54 458 69 57 3 609 76 813 188 22 811 10 815 282 20 64 250 253 216 663 28 136 285 521 237 0 186 128 332 
750 11 17 250 248 285 
751 188 135 29 650 725 664 35 77 28 150 474 91 24 179 658 610 253 48 189 31 619 611 10 11 
752 17 120 250 10 526 592 72 136 474 584 71 73 159 130 587 11 91 253 664 234 175 156 581 221 0 248 135 725 137 588 21 157 586 249 138 585 76 434 619 
755 114 6 59 602 188 100 92 474 8 107 136 526 135 73 498 58 90 189 113 130 7 82 146 10 47 80 89 629 91 51 99 109 11 54 
758 35 74 73 25 24 27 135 41 31 128 91 11 34 29 10 188 177 37 107 684 78 
760 749 
764 790 77 250 
765 138 110 136 7 10 693 474 90 58 135 334 61 59 609 708 189 610 185 109 107 524 188 97 
766 110 36 8 5 524 24 664 23 76 159 684 474 424 138 74 79 34 351 29 11 28 126 
767 172 54 130 14 474 48 334 79 90 126 609 136 58 56 107 59 
769 461 86 221 90 222 
770 34 105 667 35 1 24 609 27 29 23 41 10 179 28 14 79 610 127 3 
771 47 739 282 72 718 17 285 21 19 674 463 120 29 77 156 27 0 96 514 804 31 474 34 80 124 74 696 809 99 339 145 154 727 121 194 20 606 126 714 95 57 735 119 70 52 174 157 78 675 808 351 511 738 810 69 541 458 82 662 509 123 13 71 176 421 375 515 1 3 18 35 424 12 284 67 79 332 344 565 33 806 125 815 41 518 805 558 283 736 32 127 10 144 350 11 524 122 68 36 
773 67 130 80 684 157 14 159 754 176 131 602 285 10 271 99 524 333 126 384 79 462 565 
775 750 159 381 271 202 384 207 157 0 82 131 382 76 47 73 722 
776 234 619 253 
777 484 234 311 771 36 147 151 752 546 222 125 52 725 469 25 684 587 769 245 774 650 34 405 37 639 149 0 54 58 598 128 481 547 655 777 693 442 177 61 229 801 496 106 680 172 212 708 189 142 683 579 327 588 692 535 597 334 154 12 55 83 60 418 228 271 127 594 475 407 64 485 221 591 107 220 69 669 62 432 583 657 146 602 84 30 695 6 28 776 148 87 480 768 772 210 191 778 111 694 575 179 352 318 498 93 574 1 542 112 19 424 230 68 76 120 265 192 521 415 682 3 168 606 528 664 754 308 118 548 465 188 773 89 75 119 517 53 150 7 85 114 185 247 287 755 307 549 474 477 476 250 41 110 246 156 422 80 81 225 759 790 143 665 74 82 26 8 73 681 700 495 171 390 526 79 91 15 214 213 59 215 253 22 644 105 86 29 584 272 27 536 100 581 33 406 134 568 10 663 195 123 489 361 264 582 48 224 248 434 56 586 660 668 159 115 124 447 524 409 137 750 71 775 470 182 751 333 176 553 92 735 651 98 38 685 174 362 429 77 297 17 
778 463 15 474 529 14 11 127 