0 90 161 157 210 106 59 49 87 101 77 32 155 14 158 97 120 73 162 147 206 112 207 121 186 205 166 141 50 197 146 199 142 111 57 165 130 31 189 156 91 41 69 40 177 151 89 51 182 4 104 170 0 190 46 28 200 72 30 172 150 194 180 26 48 159 144 175 119 173 138 188 154 85 70 208 82 71 95 56 203 58 34 107 140 37 118 52 38 103 169 114 39 47 196 29 75 113 35 78 100 83 88 143 16 23 102 62 42 80 54 81 168 152 86 183 96 74 21 8 24 6 149 193 126 187 209 20 
1 106 193 98 81 55 166 167 34 156 74 153 67 85 40 111 31 27 133 1 99 10 96 208 122 204 154 117 33 86 8 25 197 39 164 147 210 128 142 125 15 114 29 115 212 77 2 191 97 194 83 42 94 131 49 206 32 148 207 112 16 78 135 59 21 58 17 19 20 24 35 71 51 139 144 57 145 177 87 190 91 95 129 22 46 181 150 79 116 158 182 80 205 36 41 69 50 62 92 189 151 75 184 28 199 60 160 126 76 108 11 196 149 37 113 5 163 105 102 170 161 155 110 211 171 104 185 38 120 44 3 82 123 180 136 90 14 200 203 202 132 63 124 48 0 173 119 23 65 192 89 143 152 172 179 13 84 56 73 93 201 138 157 12 195 118 186 183 101 109 
2 66 6 1 157 79 102 136 127 45 172 80 207 140 149 4 84 151 170 101 42 27 168 24 71 193 35 153 212 104 210 86 65 197 143 117 30 17 125 49 39 180 15 85 106 165 89 52 64 132 206 18 120 135 63 190 72 74 21 198 62 19 205 109 179 77 28 20 144 130 201 116 139 113 185 175 147 8 11 2 191 68 107 126 25 10 195 166 60 7 131 156 69 184 73 199 123 177 100 76 83 160 134 133 82 38 36 208 16 171 167 148 137 91 51 13 189 209 5 58 186 211 145 3 112 203 22 150 173 75 47 34 121 98 88 200 37 44 187 54 119 194 61 40 183 46 57 12 56 108 90 41 94 33 81 48 59 138 111 163 196 14 178 105 169 9 93 188 23 
3 46 43 134 0 71 154 49 102 176 61 60 111 40 146 104 7 3 51 118 99 50 121 88 209 73 155 152 24 156 198 190 179 115 90 47 112 98 77 114 128 52 132 138 142 15 21 33 139 122 166 189 67 110 125 109 181 188 87 9 12 1 123 133 92 131 72 85 137 172 171 183 101 75 62 147 117 178 159 93 193 74 113 26 64 129 41 127 103 53 63 130 180 105 80 200 201 36 168 84 25 56 44 136 82 97 153 37 196 17 211 116 20 48 162 207 199 100 35 23 141 124 212 173 126 4 208 203 18 145 30 22 149 202 195 204 28 39 175 94 158 79 68 163 8 186 151 164 148 120 160 65 32 194 86 210 107 161 42 5 119 55 69 38 19 106 192 108 169 140 
4 117 125 115 23 69 206 76 19 169 132 43 45 127 34 179 138 73 194 197 40 188 7 32 173 184 91 52 80 137 58 26 21 95 171 48 155 31 181 170 111 92 158 70 65 211 72 189 8 167 53 147 105 97 47 81 121 154 62 15 187 163 204 113 114 135 35 9 33 151 11 30 74 133 160 198 145 164 191 210 56 54 78 201 122 108 49 196 161 10 175 4 139 143 96 182 90 176 63 165 77 36 67 150 192 6 157 209 44 144 141 28 20 195 166 162 42 93 84 102 100 41 82 199 152 17 193 159 94 126 208 87 202 106 66 59 29 16 64 3 22 174 71 129 57 190 134 79 177 172 51 140 124 13 61 75 130 5 12 60 116 131 118 119 39 38 101 68 146 89 
5 167 54 89 129 87 23 60 177 137 48 172 16 18 126 188 133 19 62 186 194 136 122 108 66 44 34 14 165 140 10 117 190 41 135 17 182 153 29 163 24 38 204 8 206 179 205 91 111 112 154 183 145 114 95 142 161 113 50 5 3 7 173 128 9 13 110 45 125 130 197 55 143 35 6 86 80 201 144 97 193 198 127 71 31 85 176 65 202 151 101 11 195 109 212 63 103 46 203 78 208 147 121 181 4 74 211 155 99 200 12 20 68 156 116 56 185 52 22 72 61 187 59 158 26 79 28 36 27 67 33 98 93 209 196 32 104 159 184 73 192 82 123 152 134 210 107 148 160 94 0 2 138 189 106 51 118 64 164 30 42 102 47 49 146 139 131 174 157 120 
6 61 72 126 192 83 165 38 175 135 115 108 176 209 181 145 150 36 65 170 28 134 130 39 157 2 153 51 149 173 10 163 85 56 22 19 158 146 122 110 89 195 18 6 31 49 198 107 8 199 66 76 136 24 129 174 40 20 141 69 90 172 144 142 84 182 3 194 53 164 60 159 0 62 44 99 208 34 154 26 25 196 155 123 67 54 201 7 128 120 160 100 98 1 73 185 70 87 140 15 12 17 200 14 137 169 112 193 41 5 37 45 80 187 205 152 71 103 82 171 33 77 97 95 74 212 50 203 101 59 127 109 92 151 58 210 55 11 117 35 211 131 13 42 63 86 148 48 138 202 167 180 133 21 177 132 166 119 43 9 118 161 27 75 79 64 113 96 190 16 
7 110 13 111 109 169 118 189 92 51 33 116 15 8 70 4 1 187 161 84 181 68 76 165 6 137 170 205 152 203 101 146 204 48 124 183 29 188 54 132 179 42 156 23 77 57 63 131 208 210 75 52 20 3 80 89 192 175 163 39 50 66 196 171 38 158 201 34 143 211 87 31 141 83 176 46 21 115 44 184 182 62 121 149 7 136 100 197 206 14 135 86 25 60 128 88 166 193 94 157 90 164 37 30 150 36 65 98 191 93 112 49 153 5 119 99 160 32 148 47 102 198 96 2 35 106 127 200 17 73 9 114 194 107 61 24 178 195 154 129 125 162 212 133 172 117 71 28 122 174 108 91 144 27 11 79 145 139 147 12 123 134 142 41 105 103 138 167 43 67 
8 143 118 54 104 204 30 80 114 23 183 73 142 136 78 10 79 192 180 42 137 164 196 88 173 47 170 145 198 35 21 163 63 147 91 129 31 9 189 57 24 140 184 197 59 178 181 193 162 96 195 116 133 132 168 185 112 56 107 125 98 126 205 141 12 52 174 89 169 134 124 99 201 182 94 95 33 18 41 200 20 151 83 144 115 27 159 171 46 177 8 199 16 74 202 100 209 2 81 148 58 165 82 123 66 108 86 110 38 61 158 29 138 206 92 84 62 210 191 130 166 90 40 155 50 207 101 113 49 19 4 157 34 93 25 176 186 26 117 111 139 48 146 194 64 175 128 172 7 17 105 102 87 43 85 154 150 36 37 77 55 121 75 1 208 60 203 120 71 15 
9 63 60 7 143 67 53 152 56 33 110 22 153 49 126 170 190 186 96 76 115 200 13 68 180 209 146 138 32 135 54 27 25 169 136 34 42 145 9 147 117 111 137 116 84 18 72 86 206 210 4 17 95 168 163 31 160 43 144 41 179 14 207 156 91 183 114 99 83 130 165 50 131 8 119 94 161 19 113 166 26 189 120 192 122 29 139 78 202 172 45 75 177 37 97 176 61 39 6 93 196 193 164 69 151 74 125 205 173 204 105 98 148 158 24 198 123 187 12 162 82 127 30 66 124 36 141 199 70 197 77 174 103 128 132 1 171 65 85 90 40 201 211 79 178 182 195 16 3 167 134 92 107 21 140 44 184 104 71 73 28 59 191 15 102 57 58 20 46 5 
10 37 177 130 151 24 195 26 89 188 48 187 6 116 2 149 181 53 11 211 115 124 71 92 166 31 65 127 12 129 4 25 175 150 196 179 61 205 29 8 28 90 79 103 14 138 118 77 73 0 64 154 168 125 5 33 106 27 183 107 142 67 119 13 81 58 35 153 72 101 201 19 199 144 137 54 52 80 155 74 209 10 140 141 197 63 44 46 208 182 30 98 198 186 38 42 96 47 1 110 83 84 192 66 174 121 180 210 164 147 134 62 193 123 49 97 55 108 59 88 32 158 194 109 204 143 122 105 162 40 102 76 163 94 51 16 161 169 135 7 9 212 172 185 22 146 170 85 152 131 34 82 111 91 93 120 23 50 87 190 132 18 148 203 104 160 136 95 191 39 
11 6 40 117 39 105 192 157 180 155 156 162 74 113 148 210 57 50 72 41 201 147 27 150 106 158 59 123 159 95 14 112 88 173 149 116 142 197 44 58 111 15 62 35 70 103 140 28 21 82 175 182 199 138 51 4 68 133 203 26 202 24 187 71 48 107 87 34 56 94 75 47 165 196 161 22 200 126 37 83 86 130 81 145 32 52 198 169 146 168 49 20 25 190 93 193 38 114 31 99 141 144 186 164 205 97 69 207 119 43 171 118 209 174 152 208 16 181 96 172 42 121 154 115 188 73 143 0 
12 51 44 133 59 29 150 165 204 49 96 134 153 167 80 92 176 188 116 104 84 81 123 125 121 20 186 196 93 157 79 187 132 158 115 16 152 161 182 144 40 14 6 199 57 78 111 87 97 193 162 178 22 191 102 41 169 109 179 45 56 192 155 108 174 177 23 46 139 34 198 137 119 75 110 83 190 73 101 209 37 163 117 208 114 173 53 172 4 140 67 55 147 66 68 203 91 135 201 35 160 130 9 142 5 27 11 120 21 24 138 50 33 206 31 103 88 136 195 10 107 63 184 143 100 141 60 19 183 85 99 17 36 126 207 94 180 54 47 72 98 65 13 122 151 2 12 131 149 181 202 159 95 26 127 61 62 69 82 42 168 76 128 39 86 154 156 113 43 28 
13 120 50 88 25 8 171 145 24 82 106 108 91 159 103 188 185 173 76 206 99 72 77 158 13 189 63 147 183 74 133 18 134 16 10 139 160 205 154 121 124 71 57 150 27 172 130 212 48 163 123 87 117 56 47 38 40 81 116 155 184 194 55 111 83 169 11 36 190 101 96 39 128 93 144 21 114 149 62 125 182 161 75 143 104 94 198 19 197 211 43 1 32 162 113 95 181 31 34 20 105 98 0 2 92 202 152 5 191 196 46 146 37 151 156 89 17 54 67 168 112 167 61 153 170 84 118 80 97 195 3 30 44 28 66 58 59 166 209 22 187 126 140 148 135 65 12 203 192 14 78 127 142 102 64 
14 99 120 94 131 126 62 6 191 10 56 212 128 145 103 55 107 198 106 202 37 153 4 28 20 143 165 92 170 32 179 141 35 205 178 197 138 96 182 105 17 185 188 69 44 50 183 85 194 11 208 115 24 206 47 140 180 33 8 27 166 173 114 45 201 110 130 199 38 72 82 14 68 200 53 139 160 177 187 64 22 12 104 1 15 161 63 193 176 88 76 195 46 80 111 49 189 121 190 100 0 71 156 34 57 167 2 172 48 66 78 74 89 142 152 146 31 162 119 23 135 155 43 174 112 186 109 3 95 75 151 30 169 125 148 13 116 149 39 147 210 207 211 209 42 168 133 171 98 5 40 7 77 54 102 25 150 181 154 132 59 117 122 19 158 137 134 93 86 16 
15 93 110 135 22 24 4 30 81 161 49 26 152 139 70 88 23 89 0 97 107 119 65 35 45 95 17 170 162 141 186 50 98 208 200 102 148 92 29 122 6 103 84 168 55 76 114 159 41 128 68 11 164 94 7 137 169 158 181 47 145 73 59 130 193 157 120 101 125 155 117 171 31 211 39 184 75 154 13 210 10 190 180 112 212 67 163 121 56 38 195 177 5 69 1 21 142 44 28 20 60 134 37 12 86 14 174 206 36 32 27 82 85 187 87 144 33 156 143 54 204 188 42 77 197 131 71 153 207 151 15 9 140 53 172 80 48 203 182 147 52 109 40 126 46 62 57 132 79 66 202 179 209 133 189 111 118 205 123 90 106 178 91 192 160 108 43 16 176 
16 23 111 156 165 88 105 144 113 3 40 178 55 163 25 136 106 147 209 80 142 130 160 151 1 189 150 8 146 13 114 154 174 27 184 148 14 53 96 37 4 95 125 180 92 200 193 101 2 99 176 31 49 78 82 21 83 135 115 72 128 0 89 138 86 206 185 124 112 155 46 169 149 15 42 75 203 104 109 35 76 140 131 38 208 117 212 12 192 85 34 170 159 197 127 47 32 164 116 179 11 183 84 100 74 45 119 172 81 168 190 167 10 194 153 28 66 30 60 62 64 59 18 121 198 123 126 54 68 22 91 195 107 141 158 102 65 39 98 191 173 201 20 143 110 19 44 6 137 79 118 63 152 36 122 187 56 26 175 87 177 94 48 211 17 90 103 129 207 93 
17 202 49 125 55 104 155 44 92 137 98 18 31 163 96 167 144 72 4 64 33 52 204 124 83 99 19 176 133 42 172 28 8 199 200 24 171 27 108 7 211 208 46 94 39 201 140 129 48 88 84 142 119 3 178 182 6 184 190 187 206 70 2 35 68 205 76 32 77 67 128 113 80 156 120 136 86 36 170 145 194 198 117 82 23 87 25 131 103 89 188 37 13 34 21 102 126 191 143 162 38 196 150 90 166 210 16 193 12 66 17 195 59 1 185 153 139 112 158 203 109 15 179 43 30 101 186 29 116 164 50 149 111 20 118 122 175 61 159 209 5 79 54 168 165 10 183 151 157 127 134 63 22 174 47 75 11 192 115 81 212 169 85 26 14 95 148 107 53 97 
18 88 194 32 47 122 201 186 81 8 40 66 22 48 135 37 158 42 53 117 6 9 86 160 108 75 50 13 25 147 116 128 199 36 1 70 145 151 203 10 209 154 187 204 23 162 167 140 133 14 179 97 82 150 123 109 100 60 134 197 80 121 101 98 27 163 93 139 35 205 161 94 72 104 11 20 41 96 71 131 183 202 21 180 3 105 188 157 148 174 49 34 57 200 129 165 124 92 12 16 127 45 79 143 73 102 132 58 119 198 191 106 142 146 138 24 113 171 38 210 137 28 211 195 5 59 103 31 95 43 85 111 173 196 164 64 67 193 156 115 29 78 153 192 184 107 56 51 169 149 99 152 177 112 114 87 175 7 76 159 55 26 15 189 74 90 166 118 155 52 
19 47 157 26 201 105 81 7 51 106 102 35 93 147 195 57 114 42 23 77 84 115 103 205 135 67 49 65 1 45 124 162 175 145 117 192 193 64 73 122 172 211 96 188 109 24 75 140 88 120 129 132 160 151 63 139 70 91 86 36 123 98 21 200 204 181 121 87 110 15 107 155 152 177 186 79 210 82 126 31 130 146 156 43 164 174 62 16 199 17 127 189 168 158 71 202 144 33 32 6 61 13 163 58 34 116 206 44 197 97 5 95 89 0 19 48 166 25 111 18 176 154 20 80 14 191 148 137 78 125 136 159 165 28 203 138 190 76 56 3 167 40 92 209 29 53 142 182 161 41 11 37 83 39 184 2 171 196 10 66 207 153 94 4 183 150 8 149 50 
20 108 29 24 14 116 22 57 176 190 135 105 76 8 165 157 45 195 113 212 68 187 118 62 33 69 206 79 72 63 88 163 6 162 202 127 41 197 94 174 16 112 199 114 55 193 28 134 106 36 137 156 201 18 115 50 65 183 194 136 15 152 147 128 78 171 150 43 161 155 173 60 85 5 211 47 107 67 169 96 4 19 44 126 89 177 10 139 74 144 99 154 82 27 143 182 117 170 146 70 17 204 121 198 83 160 148 141 49 31 91 93 56 124 166 71 153 7 66 119 142 159 184 21 131 26 172 90 42 140 111 39 203 3 179 109 46 130 168 185 59 164 175 101 200 104 133 192 138 97 158 196 188 87 52 122 123 189 11 100 84 53 151 64 167 9 205 13 210 54 
21 69 129 116 133 106 79 68 192 157 185 14 130 75 92 123 28 45 33 1 160 202 17 167 35 95 81 31 172 94 179 56 197 199 110 4 15 188 0 41 163 212 93 139 50 195 9 62 103 174 32 83 74 134 189 177 198 76 113 204 53 23 55 152 155 207 161 2 59 144 8 128 111 164 12 85 186 138 159 21 137 101 71 44 115 64 3 26 34 25 51 90 38 107 120 121 173 67 82 196 24 112 184 47 70 136 46 191 151 99 97 18 78 181 205 131 30 193 203 147 209 187 180 39 88 208 20 176 19 22 60 49 182 132 5 168 156 65 109 29 166 11 153 100 66 114 183 98 73 150 105 57 91 201 124 42 104 165 190 40 84 7 36 77 135 122 200 127 146 141 
22 134 195 23 99 132 170 126 148 152 147 91 183 9 69 108 6 67 161 93 155 150 85 123 199 45 4 169 30 140 55 19 56 64 106 70 107 92 80 178 10 145 154 79 187 20 112 122 149 105 110 72 86 26 125 49 176 46 139 40 47 68 157 29 76 208 175 209 137 158 74 38 50 200 7 94 196 129 130 168 174 43 61 205 25 84 114 8 31 164 115 73 36 201 81 156 167 27 48 97 95 210 102 162 44 144 188 22 133 24 166 204 1 160 141 179 12 15 62 32 83 138 189 203 192 111 143 21 42 33 163 113 202 60 190 193 142 59 127 207 171 159 117 41 131 0 151 212 182 104 89 71 100 146 198 180 18 88 177 75 211 109 2 16 153 63 52 78 96 51 
23 198 110 182 87 89 135 207 33 31 12 91 49 56 27 10 112 205 11 106 179 20 58 160 77 29 116 28 97 120 139 42 125 189 0 142 15 22 2 140 141 162 26 38 129 164 151 103 204 93 96 167 124 40 200 186 53 161 150 173 158 13 136 149 122 172 117 206 19 36 1 153 95 175 202 34 83 143 130 169 197 60 52 209 157 39 76 90 8 43 102 181 155 3 108 152 17 14 185 48 119 131 75 212 70 138 46 132 123 21 50 71 154 146 35 30 41 37 109 107 98 69 62 211 137 18 54 99 84 199 148 64 203 144 126 6 74 127 195 113 104 68 45 174 208 180 118 101 147 170 44 176 24 7 111 192 5 79 184 128 190 166 55 187 194 171 188 4 133 82 
24 90 91 117 180 13 203 3 102 80 124 191 10 26 61 71 99 206 34 126 152 202 42 70 54 151 105 43 21 41 178 181 103 75 166 198 87 86 211 142 113 79 116 161 159 153 121 156 212 78 17 38 137 168 58 205 25 162 96 77 111 195 193 140 8 32 139 37 179 19 143 67 14 92 64 0 155 29 175 1 35 30 190 170 141 158 63 164 28 147 173 194 44 138 174 66 47 115 200 172 160 207 199 133 145 9 56 46 11 18 68 4 106 157 7 50 57 189 74 40 101 52 154 84 182 31 210 55 20 53 183 171 144 114 201 192 95 82 22 204 69 208 73 60 39 76 83 88 
25 160 202 141 27 161 188 93 132 107 26 184 88 122 120 137 98 68 5 91 150 101 89 182 87 128 176 110 82 61 0 169 187 40 72 139 60 196 55 147 44 124 24 57 49 38 7 168 84 158 86 171 69 96 130 92 20 175 190 81 46 1 165 123 159 99 178 48 170 153 138 36 42 52 63 135 80 17 127 207 11 39 37 134 211 16 33 204 90 193 145 199 179 131 115 185 152 66 15 41 194 6 25 116 129 144 22 111 56 104 118 30 105 108 172 54 50 133 75 97 100 10 59 31 47 73 180 210 32 18 197 148 208 95 155 9 43 146 143 78 167 23 102 126 70 21 173 191 212 125 149 192 209 142 114 119 2 166 8 67 198 189 71 136 35 34 162 157 74 151 
26 194 130 58 54 38 202 91 166 34 127 103 2 46 102 120 192 155 121 112 50 146 47 27 204 125 164 36 76 52 70 49 7 115 26 138 108 89 1 137 84 184 196 198 105 122 153 126 113 97 21 201 145 6 104 199 30 22 188 177 156 154 99 107 81 128 100 142 158 207 95 171 205 68 119 39 24 19 110 176 172 163 80 116 182 175 181 94 209 79 62 151 167 37 139 16 174 28 44 31 131 98 185 197 71 183 5 190 208 129 106 212 101 203 206 141 42 14 124 92 159 170 43 60 48 150 82 109 85 15 191 4 195 133 162 187 144 78 161 140 0 41 135 32 149 40 147 132 29 114 165 
27 4 116 206 114 107 146 169 207 166 67 2 80 48 181 79 130 162 18 100 35 124 172 38 22 185 27 103 127 119 126 7 13 134 136 188 65 163 167 154 123 197 115 200 132 29 83 17 74 204 49 59 128 43 164 5 178 37 189 137 168 51 156 117 150 113 106 87 102 82 160 210 34 11 108 153 30 72 193 105 84 90 25 209 176 143 44 151 46 94 142 171 104 69 196 118 203 140 212 183 202 175 161 36 141 33 3 165 41 184 186 190 195 47 12 81 111 31 32 15 125 9 112 129 133 0 63 71 88 57 60 98 53 194 28 110 77 145 75 56 8 101 211 182 122 149 73 201 191 20 152 23 45 21 158 205 91 93 76 6 14 39 55 54 155 187 121 16 70 170 
28 37 49 175 201 19 181 86 21 177 203 193 195 142 168 162 182 110 137 190 209 128 207 204 107 155 80 58 74 159 141 200 94 206 89 100 192 51 54 62 33 90 179 132 50 163 91 34 106 161 184 109 4 79 111 119 88 188 211 108 136 126 153 165 103 167 53 212 39 60 191 186 1 71 56 24 95 55 112 146 125 171 25 72 20 147 154 46 144 83 47 44 104 41 169 96 40 87 101 139 99 93 6 151 150 158 129 208 42 32 76 124 113 29 82 123 81 149 122 85 120 30 198 14 5 115 97 84 174 28 194 36 16 176 131 145 133 199 156 35 8 75 0 38 2 172 140 43 114 70 23 
29 62 107 93 178 199 14 155 20 66 133 212 172 47 205 194 198 196 207 44 78 58 4 61 188 110 136 159 126 163 95 153 124 171 168 156 77 140 98 127 202 208 34 150 3 203 182 45 67 46 74 113 139 154 193 204 189 9 37 18 91 160 103 187 76 53 177 22 128 28 149 192 24 141 59 10 145 173 112 138 54 2 114 70 87 197 123 29 211 181 55 151 17 65 73 165 200 184 86 11 60 161 7 108 152 99 75 109 32 84 96 63 12 89 166 5 130 36 176 191 135 120 144 35 31 111 64 1 21 39 48 6 57 164 122 170 116 82 105 174 83 119 69 101 146 56 79 167 27 72 121 142 131 8 51 90 201 195 43 68 23 169 175 134 0 49 94 115 13 
30 188 113 1 118 152 205 143 196 76 201 190 115 67 169 155 211 41 191 135 151 98 103 128 86 15 101 106 42 162 74 36 164 84 89 92 5 192 206 43 120 147 154 17 105 100 96 95 32 166 212 160 46 127 156 48 51 57 150 75 37 52 134 173 183 70 125 62 71 6 197 198 171 181 55 210 10 170 202 159 22 81 204 24 65 18 59 158 33 40 139 157 133 28 119 126 177 140 123 145 21 9 25 8 104 39 94 99 207 7 66 186 13 187 148 138 90 20 109 111 87 85 27 12 122 124 112 144 60 153 4 0 142 63 209 44 50 88 16 31 3 203 146 38 208 68 102 182 195 116 149 121 78 72 
31 138 57 125 191 85 192 152 36 61 164 128 107 211 141 34 166 122 100 29 79 150 97 56 104 199 163 145 208 174 60 0 127 43 91 156 129 39 7 119 130 55 11 81 58 117 193 170 80 25 168 87 209 63 93 18 188 115 96 177 8 173 52 21 123 187 42 105 111 71 120 76 200 23 136 167 159 98 73 83 112 109 189 126 135 103 179 28 113 162 139 206 51 65 3 196 54 33 10 124 27 62 134 50 144 143 186 146 194 155 19 114 30 106 38 1 133 26 53 197 157 41 101 35 185 172 12 205 5 95 121 142 15 4 32 99 160 158 165 16 46 82 20 92 59 68 137 140 48 204 207 169 72 75 14 84 171 22 154 203 195 176 77 70 184 212 78 24 67 13 
32 131 22 18 84 14 70 172 79 179 167 168 181 180 164 35 93 212 170 62 31 88 198 175 86 129 207 87 98 16 209 25 92 51 24 40 190 189 94 186 104 204 171 140 96 184 74 137 159 85 0 153 187 161 33 28 59 52 147 101 119 123 36 114 63 178 210 211 19 68 125 176 138 112 166 29 188 50 11 208 83 160 56 61 111 71 30 32 195 154 162 103 151 20 109 41 183 23 135 65 64 155 72 12 105 75 77 201 2 43 206 143 122 58 9 1 115 148 80 205 200 126 66 132 130 39 139 8 10 149 174 144 146 165 124 54 136 182 142 48 185 199 156 152 42 134 21 113 34 145 97 157 99 194 89 46 53 17 117 78 150 169 57 45 37 26 196 141 158 38 
33 80 32 185 9 81 142 125 156 202 197 93 158 97 75 170 148 115 31 198 88 139 143 59 105 21 99 128 12 192 207 140 116 104 171 199 48 134 18 111 23 123 37 191 151 163 92 50 94 147 135 103 55 85 56 17 138 124 57 169 200 211 25 182 118 146 209 102 28 63 10 100 60 164 51 52 188 183 122 44 166 127 87 74 186 41 194 144 161 24 84 203 7 96 190 108 157 5 119 153 4 76 36 20 98 154 61 83 89 33 91 167 179 86 109 53 2 16 78 168 184 117 77 114 155 149 1 208 13 68 15 3 26 30 106 133 66 0 159 82 113 196 130 27 173 177 145 11 49 42 47 6 162 95 
34 150 130 197 133 27 204 104 36 155 177 77 107 117 119 188 175 182 50 190 68 118 51 32 156 149 22 113 140 199 139 154 173 148 70 192 42 46 53 144 157 147 52 174 21 44 106 110 38 112 212 161 134 80 40 4 97 181 2 184 100 146 186 14 99 193 124 6 75 180 105 25 19 34 179 98 84 108 30 59 96 26 189 135 168 49 137 162 160 159 123 91 35 109 125 1 127 203 122 111 136 45 24 94 153 37 89 165 176 128 93 48 3 132 120 33 76 101 116 62 151 158 129 115 172 23 20 83 0 58 183 55 102 169 90 82 187 74 206 121 28 81 191 54 79 171 71 103 57 211 78 141 194 5 201 207 196 163 170 
35 119 37 211 29 164 68 104 108 95 205 114 132 129 3 148 84 40 197 27 47 23 152 19 186 94 204 14 154 155 39 194 141 175 208 21 86 25 43 116 26 106 189 76 113 178 171 122 97 143 162 80 49 46 167 24 153 79 31 85 90 16 128 207 9 62 174 168 126 81 160 180 206 96 192 60 48 67 196 184 185 147 69 45 149 82 133 142 15 56 38 1 135 78 124 73 144 66 109 0 138 101 92 8 146 199 17 202 54 35 210 115 209 123 11 145 28 179 125 181 107 32 33 22 18 158 130 136 65 63 112 166 12 110 20 102 200 203 64 137 201 191 139 91 51 159 183 70 157 13 163 71 118 36 195 131 55 193 10 177 103 5 6 44 57 161 212 150 172 42 
36 199 53 54 120 112 8 75 76 211 108 27 205 39 106 11 198 12 151 190 167 4 14 188 26 16 57 35 93 165 15 31 148 182 32 137 180 51 5 195 209 73 77 208 210 103 153 173 129 187 0 133 55 117 7 115 81 154 174 109 1 90 143 162 82 197 168 204 19 84 72 184 189 89 62 100 63 152 28 74 37 69 47 104 52 145 86 98 22 123 111 20 13 179 114 185 110 186 172 99 149 44 33 170 196 183 207 169 193 59 192 70 134 194 24 128 122 60 160 131 181 78 38 97 43 136 65 36 17 132 159 201 94 164 41 200 146 64 121 119 212 18 96 30 163 147 34 21 67 61 46 206 142 127 135 92 6 40 45 157 79 177 203 125 118 29 91 68 150 102 
37 47 51 203 115 58 9 149 210 11 125 15 91 134 94 142 108 200 33 41 196 173 127 204 53 84 135 144 88 148 186 103 201 124 211 65 100 3 117 38 87 143 123 34 54 26 209 73 151 44 164 205 126 10 207 133 78 71 6 179 116 128 43 121 77 198 24 156 153 160 182 139 146 4 170 86 140 27 20 60 158 183 191 66 12 82 212 64 50 61 22 7 154 181 155 105 32 145 93 194 96 40 46 157 122 130 85 49 5 39 202 17 42 159 197 67 152 57 190 99 95 189 30 16 19 113 188 74 13 97 31 185 80 106 8 62 192 166 171 119 52 72 118 70 89 28 98 56 75 76 83 199 177 167 59 
38 23 122 199 20 10 3 73 43 61 183 133 90 0 130 144 118 19 59 124 197 145 182 42 155 207 76 96 103 108 134 63 62 14 33 168 159 142 109 173 181 106 146 32 75 162 15 148 97 116 111 26 91 210 166 65 202 212 170 172 13 126 208 58 50 160 60 7 117 9 151 143 67 149 114 48 70 24 25 167 185 94 153 204 2 31 190 16 98 184 140 113 44 104 27 101 198 66 81 194 12 84 22 37 99 87 119 95 46 203 164 34 40 195 177 163 154 191 157 125 211 93 21 64 53 30 135 1 71 169 41 120 138 128 186 39 6 11 127 38 4 5 147 18 187 121 57 161 171 78 112 205 74 77 150 
39 121 48 25 33 2 41 158 21 45 30 125 194 22 74 181 180 15 105 37 147 169 82 175 143 28 164 76 119 85 16 13 70 115 106 101 79 26 193 23 123 77 73 35 65 46 144 168 36 166 167 9 177 135 186 87 148 191 145 12 88 60 62 205 204 3 207 152 156 202 50 150 104 61 55 154 4 127 90 34 92 29 155 210 141 134 24 17 117 96 69 84 124 109 38 110 126 208 197 178 18 57 157 176 95 190 209 114 93 174 63 32 182 153 54 89 203 75 51 137 27 11 172 160 187 49 139 64 40 183 120 173 97 66 52 201 68 151 43 129 142 196 211 53 99 138 171 44 58 128 161 39 47 192 86 1 0 149 5 113 107 189 162 71 130 179 19 98 20 42 
40 68 81 149 52 65 130 67 139 121 138 79 115 39 200 92 54 128 55 12 161 135 158 144 71 205 198 80 77 134 175 194 150 183 204 110 9 60 56 141 117 118 51 131 2 126 33 97 17 196 125 22 37 193 14 165 184 140 83 94 90 174 197 87 32 181 142 24 160 162 3 186 76 40 85 182 27 45 212 88 178 111 46 16 29 28 21 48 173 152 34 155 0 120 203 49 187 132 104 61 96 44 168 36 185 136 50 167 169 38 47 114 154 116 5 189 59 42 177 179 137 25 75 57 100 102 170 143 171 109 72 74 127 153 206 202 8 208 30 101 82 69 159 107 188 146 23 84 123 164 113 26 4 108 43 163 99 166 10 191 192 199 6 157 147 148 41 18 209 207 
41 108 92 36 110 206 186 56 98 103 12 60 159 145 149 136 6 176 52 211 147 102 64 19 199 46 187 43 179 37 155 15 3 114 41 87 210 163 0 35 204 63 90 129 119 152 82 164 150 72 205 156 4 17 29 193 75 70 91 167 71 123 172 160 10 140 1 47 27 49 7 212 185 5 9 40 73 137 191 116 194 89 20 157 48 55 195 81 53 180 24 94 174 146 113 14 202 144 171 151 51 184 161 132 11 134 25 127 18 21 39 198 16 153 165 170 38 61 69 139 148 166 80 85 208 62 86 142 105 190 158 54 203 177 107 135 96 182 8 162 88 95 100 93 126 183 141 31 58 192 207 106 65 32 178 22 104 173 101 78 109 112 125 143 118 23 154 13 84 131 
42 144 95 39 90 172 103 43 101 65 146 171 104 34 82 48 30 102 180 187 174 80 20 100 47 25 71 66 120 175 12 73 28 126 49 15 4 96 22 56 62 42 6 142 152 46 166 8 24 88 89 27 41 17 138 195 204 78 29 55 190 9 69 170 197 154 124 186 165 44 113 116 114 86 200 61 11 117 118 208 85 75 123 38 14 54 169 109 64 68 77 99 50 119 161 91 26 168 151 81 70 112 156 59 205 145 141 188 196 52 94 21 63 40 32 18 37 57 192 0 177 93 130 106 162 58 183 143 173 198 67 148 23 210 121 164 97 
43 48 121 131 95 111 119 44 104 180 128 109 102 51 45 192 54 26 41 81 16 38 149 143 15 113 207 53 50 18 133 35 69 127 65 68 193 24 25 78 103 181 191 71 138 195 182 13 129 108 183 86 164 29 105 61 147 83 161 165 40 8 163 124 7 66 155 130 145 179 202 190 122 34 146 173 172 46 6 28 199 136 90 169 67 30 107 92 184 115 160 96 47 88 174 175 10 98 22 93 63 27 186 19 125 176 75 42 87 37 43 79 132 141 76 185 2 72 100 99 74 32 203 187 1 170 168 157 206 89 209 106 212 171 57 12 36 21 137 64 135 80 197 204 11 150 101 20 58 112 151 200 134 110 31 167 85 5 84 144 116 166 
44 134 79 122 136 164 147 93 31 145 92 5 208 20 169 21 186 82 143 135 12 197 193 29 73 112 83 154 178 199 104 114 68 28 54 13 19 22 187 155 198 185 176 52 153 0 144 14 138 203 61 209 207 51 86 90 102 128 109 150 94 180 206 25 191 9 6 160 49 3 71 8 115 80 195 126 141 44 181 58 123 53 48 96 120 18 89 132 131 16 168 177 163 60 149 26 158 130 10 46 1 23 27 103 7 40 188 152 110 179 165 15 101 196 63 119 32 194 124 45 192 211 41 108 190 75 107 78 98 167 2 50 100 212 157 139 174 202 105 166 87 55 43 66 189 175 4 204 69 77 38 85 11 184 162 84 39 34 113 88 125 36 62 99 210 161 200 121 97 
45 108 94 126 8 19 52 188 159 140 95 68 93 192 136 42 85 101 165 119 25 84 170 82 110 43 81 123 80 111 89 144 132 86 31 112 62 58 169 156 26 171 32 180 39 97 201 116 36 115 155 198 104 125 50 207 114 48 122 91 47 100 29 181 166 21 164 175 204 15 28 177 129 205 71 16 172 106 212 158 88 179 182 163 70 193 56 147 4 90 167 76 49 7 196 209 38 44 41 208 138 24 154 134 55 37 149 72 98 40 161 127 109 96 27 151 69 160 74 1 173 14 183 203 184 133 5 33 6 46 107 0 35 53 200 99 199 23 186 141 102 105 137 60 83 191 103 131 195 145 187 
46 6 97 208 209 116 33 62 17 179 95 48 212 174 184 171 187 194 161 81 133 203 53 73 44 61 192 204 25 84 5 7 134 52 16 146 159 1 41 176 43 195 75 60 22 28 199 168 117 105 107 14 143 23 138 177 96 207 162 70 132 40 50 42 13 141 67 114 140 150 57 158 115 27 202 89 15 87 20 152 151 4 211 180 175 147 46 129 120 63 11 130 103 101 201 119 94 183 34 198 12 185 181 200 74 205 149 102 30 112 54 121 156 155 173 9 56 58 109 124 39 10 139 21 18 24 80 85 170 64 49 153 82 104 160 123 32 88 126 154 47 
47 76 103 45 55 72 119 188 43 196 75 120 142 92 41 102 162 177 208 179 90 145 34 122 7 121 109 28 153 62 48 53 89 69 194 49 124 26 47 206 204 84 200 100 94 112 197 96 172 166 169 186 211 193 30 35 99 154 39 68 37 52 144 131 91 44 38 40 136 137 155 115 6 187 98 160 24 203 8 123 125 201 106 60 207 46 82 199 14 176 57 167 36 195 205 147 56 107 104 70 80 54 126 27 127 42 51 93 25 170 21 74 16 33 22 20 175 185 150 134 191 97 157 31 180 108 149 105 113 135 141 173 174 132 81 58 198 158 116 83 95 171 85 32 130 202 78 79 111 114 140 
48 6 89 86 149 19 57 8 196 98 193 47 207 26 41 103 50 40 49 111 160 43 36 11 37 2 9 170 211 200 15 112 3 102 4 10 69 85 117 39 152 146 58 115 106 153 24 87 20 148 194 165 101 179 23 29 64 53 167 56 73 135 7 46 119 197 150 195 177 109 70 76 90 187 14 212 137 28 33 79 171 51 166 104 27 158 55 22 60 12 114 110 138 181 154 183 52 65 16 25 17 105 118 203 147 199 172 124 108 5 66 78 21 143 122 123 92 95 100 163 128 116 186 88 161 13 63 34 67 164 113 175 141 168 77 184 159 44 139 169 174 173 157 
49 123 75 111 39 28 85 10 6 0 73 37 208 62 144 100 102 106 41 5 200 96 13 89 43 203 196 33 61 26 36 2 211 189 114 84 183 204 205 92 134 57 212 164 210 24 190 179 98 120 42 138 32 23 20 54 90 195 30 184 95 82 72 169 27 140 97 49 166 127 65 101 112 119 58 113 78 104 198 18 154 207 128 34 158 11 22 67 147 46 156 52 71 148 77 103 117 80 126 186 17 51 209 170 121 25 38 122 59 159 66 81 155 197 142 3 7 162 125 118 53 87 63 19 50 109 151 130 177 83 21 152 68 88 15 202 31 182 139 173 91 150 133 187 99 47 172 206 168 9 108 76 48 86 4 
50 28 137 155 35 61 211 78 138 70 147 142 3 39 25 168 144 169 38 187 84 149 210 74 143 124 146 181 13 196 45 126 33 105 51 113 103 173 57 206 44 118 98 172 202 167 24 92 156 1 21 200 207 195 148 8 41 145 123 184 150 12 174 197 203 37 36 2 199 47 136 131 76 153 170 55 46 88 67 77 79 160 34 186 54 0 95 90 89 159 20 141 171 193 19 27 139 49 7 128 109 122 135 179 16 50 108 119 115 26 175 4 120 165 56 117 6 14 9 64 163 158 30 15 154 40 86 71 104 205 85 209 161 132 83 23 166 127 134 157 114 208 
51 202 121 78 134 164 142 112 62 186 53 42 201 111 190 84 50 122 140 16 34 147 26 19 31 126 105 46 203 160 109 8 159 30 103 51 144 87 125 88 54 68 5 135 4 212 104 33 25 172 2 162 187 119 138 81 141 163 86 182 184 161 23 209 150 0 179 60 29 94 154 95 157 85 200 185 1 79 14 91 92 108 158 146 47 205 130 166 131 197 132 102 89 169 181 90 180 71 7 100 21 55 37 198 56 93 193 211 101 72 177 123 124 145 168 206 196 15 57 151 75 52 175 120 41 70 208 48 207 167 99 106 38 76 156 107 165 170 155 28 27 171 22 115 110 133 69 153 188 192 139 
52 20 100 8 60 65 182 159 151 82 15 68 120 202 137 46 132 192 140 199 108 155 54 88 204 38 145 172 51 194 4 107 37 36 160 127 13 33 143 34 142 11 188 205 97 23 40 78 12 96 170 44 206 70 84 111 14 6 92 169 212 7 73 87 66 167 191 80 124 42 75 17 110 178 67 157 59 177 128 131 93 0 35 200 30 179 126 47 29 196 185 186 16 146 5 99 154 208 139 125 187 22 198 201 134 50 63 19 158 152 28 176 141 81 164 181 57 10 113 98 109 76 90 91 25 31 2 83 163 52 190 41 209 95 135 105 174 116 130 203 210 27 180 168 197 3 71 26 89 74 153 79 45 21 150 149 64 121 9 103 173 165 144 18 162 48 39 148 175 72 
53 76 131 127 93 32 173 179 178 66 82 163 145 113 166 63 171 129 140 41 36 24 183 191 199 4 87 52 97 42 21 61 65 211 194 158 130 44 88 73 101 200 95 159 64 188 136 90 197 81 51 22 86 165 204 117 29 192 47 1 26 134 122 71 16 99 152 56 14 69 9 133 40 31 168 164 212 132 186 5 48 190 176 100 85 78 43 185 156 135 162 184 201 27 182 15 102 116 37 210 196 46 0 33 150 153 25 170 208 2 84 6 167 169 75 157 161 80 177 103 149 112 118 138 74 35 62 55 39 124 17 146 57 174 106 110 203 11 72 123 141 12 94 121 128 109 142 119 193 3 91 18 50 207 49 98 34 53 115 206 143 209 54 59 70 181 195 137 60 7 
54 143 18 108 76 171 118 38 139 66 48 52 98 174 2 150 69 119 12 165 122 132 116 154 134 129 168 195 9 192 3 99 105 107 22 205 95 140 203 56 79 10 147 194 17 88 75 117 115 123 144 39 121 0 104 170 181 145 130 156 36 84 141 131 81 137 175 106 14 74 100 149 152 70 210 8 125 11 112 5 86 161 187 163 202 211 65 29 128 46 53 61 16 51 160 63 167 120 4 111 91 133 153 47 109 201 164 89 102 90 85 42 151 199 49 32 184 172 126 94 15 93 180 212 31 136 185 96 55 186 68 45 50 73 207 142 83 162 103 30 197 166 80 62 135 198 97 72 82 127 44 37 1 92 71 124 113 57 169 177 43 101 178 190 35 59 67 26 7 179 
55 4 209 121 197 106 211 179 204 57 126 56 144 99 138 139 6 89 176 14 96 153 87 145 91 103 132 127 49 39 170 76 97 142 125 58 151 86 190 114 162 195 88 128 115 46 112 23 183 199 133 95 26 203 182 107 149 74 134 171 27 172 207 0 7 44 198 78 205 80 161 130 159 123 48 60 187 43 120 113 124 200 75 156 35 174 194 85 33 184 20 53 94 181 38 146 129 15 84 32 102 50 47 160 141 180 173 40 34 82 83 101 192 201 175 116 30 31 109 100 62 24 185 169 28 25 
56 183 167 100 119 82 161 27 38 77 66 86 188 132 111 202 173 196 88 74 143 106 124 80 5 194 170 158 148 49 37 205 157 115 147 84 24 81 177 83 197 174 166 144 155 94 32 43 13 2 128 68 190 184 75 138 16 107 200 146 1 99 139 178 176 62 150 120 118 72 141 93 116 29 129 105 92 79 193 117 96 159 52 136 26 180 212 169 63 40 211 137 134 30 207 73 18 208 25 78 122 15 53 57 162 187 121 192 47 103 23 153 95 126 114 140 45 48 89 199 171 42 179 210 127 33 108 71 130 11 19 55 90 0 44 151 60 98 7 168 6 102 51 41 182 201 28 160 64 189 3 135 156 191 65 87 61 36 50 164 198 76 67 131 172 56 181 97 195 149 
57 72 165 92 7 18 105 99 181 202 61 163 195 172 103 152 121 186 130 136 2 117 36 187 211 201 11 1 193 95 188 206 25 12 161 42 74 147 34 200 126 60 50 179 184 70 203 120 191 122 73 40 66 77 49 32 100 39 196 114 80 154 135 102 182 94 148 89 129 173 156 75 27 64 139 127 0 35 159 167 41 91 31 132 175 15 183 84 28 174 151 185 76 178 38 170 9 198 45 109 17 33 96 8 205 5 168 23 143 56 97 113 140 59 47 197 131 111 78 90 128 119 112 55 160 67 107 118 93 54 62 208 164 106 104 79 98 10 13 57 22 212 63 86 176 108 123 138 210 82 142 24 134 153 88 115 194 149 51 144 52 116 81 48 3 162 141 101 19 110 
58 123 29 44 108 154 107 50 104 143 136 60 52 49 68 210 119 139 92 148 86 19 165 73 54 171 175 94 46 187 14 197 69 190 182 53 202 10 178 22 36 78 173 84 61 0 127 166 142 163 105 28 7 184 3 91 204 150 65 17 133 132 141 77 168 74 158 76 24 157 183 70 140 85 181 106 27 138 172 153 164 114 111 205 2 35 212 149 72 88 177 188 79 208 42 67 13 192 196 176 145 39 37 34 195 200 31 191 97 26 32 125 95 6 169 186 51 38 16 25 101 71 151 203 170 18 93 80 30 147 82 207 201 117 159 121 9 179 45 98 102 174 120 57 4 155 199 62 5 56 48 137 126 81 131 90 1 112 87 194 162 8 185 59 113 103 189 83 130 156 
59 110 16 174 47 190 23 143 140 177 142 32 100 204 193 107 133 169 60 30 93 115 78 79 106 210 56 158 18 104 154 152 109 86 84 67 103 92 123 136 66 27 117 91 50 21 192 205 108 164 166 188 201 76 126 81 17 29 198 185 159 43 59 151 181 170 89 138 212 69 125 191 195 33 155 206 114 137 13 41 132 14 57 183 11 180 73 37 7 176 26 87 5 135 19 199 182 160 22 178 197 62 203 97 208 112 88 68 74 101 94 61 10 186 96 77 102 49 150 105 25 51 146 144 28 44 200 211 165 121 147 207 34 6 39 15 95 173 172 134 9 130 90 128 53 83 1 189 99 46 20 127 145 55 70 157 52 42 48 54 131 153 72 209 80 65 139 36 82 
60 17 5 86 83 141 22 109 202 77 10 71 107 179 199 177 181 8 157 7 188 95 57 143 197 27 100 122 105 194 15 152 164 73 116 146 32 133 88 56 20 172 0 21 58 94 195 96 69 61 205 30 12 33 47 120 112 49 156 108 85 23 13 35 111 46 158 207 99 37 92 97 43 142 151 121 51 68 6 193 130 90 170 52 102 119 186 9 203 206 64 131 93 174 60 134 63 145 212 55 147 175 65 139 166 192 70 180 84 173 45 167 169 162 66 18 29 128 182 210 138 113 160 183 140 54 76 44 31 153 89 82 28 168 26 196 187 1 198 25 
61 145 208 102 164 154 158 75 57 3 15 26 181 85 100 140 184 169 9 37 50 106 151 144 193 88 18 143 47 149 105 84 83 6 87 24 148 200 121 206 162 42 35 207 188 194 55 205 17 86 175 10 25 190 150 60 46 73 44 202 185 70 210 62 189 99 11 192 59 64 22 96 199 204 159 103 40 152 104 72 32 183 76 91 54 107 114 116 120 180 69 97 187 147 171 43 153 95 93 41 124 21 77 201 182 34 203 23 117 33 28 12 115 174 118 179 16 78 0 142 209 156 14 39 66 48 52 133 155 63 74 166 173 30 67 130 177 
62 8 63 193 61 157 58 183 131 85 47 153 142 209 89 175 124 208 114 27 3 180 130 100 189 149 52 207 122 110 186 44 147 41 13 48 197 211 205 152 156 51 166 182 20 17 26 71 82 126 90 76 107 14 132 164 62 31 191 112 35 55 161 78 56 49 30 87 46 203 86 212 129 134 25 81 136 102 163 98 170 42 143 201 45 93 60 77 171 196 54 118 36 202 74 177 176 15 206 188 59 23 105 94 173 66 24 4 0 165 198 119 7 57 146 185 5 29 199 141 200 169 181 138 50 12 155 108 84 154 117 2 43 39 111 159 162 75 116 34 127 160 113 128 144 10 18 6 95 69 210 204 96 179 91 101 28 158 32 106 65 150 178 68 37 123 192 73 172 
63 53 194 148 18 21 116 76 81 26 156 16 44 61 185 186 193 79 152 169 136 181 129 97 67 33 90 132 130 48 10 204 95 36 178 11 177 149 22 117 162 134 64 84 6 39 196 96 187 66 151 104 54 171 100 124 110 69 57 155 73 176 8 78 38 112 147 210 107 0 207 119 86 55 42 131 14 43 40 29 58 163 201 128 1 85 13 122 70 206 160 102 52 190 75 37 153 138 63 99 28 158 168 17 106 94 180 173 133 25 146 2 91 191 34 150 139 120 89 80 68 157 30 23 45 170 182 188 93 125 209 72 189 200 109 143 103 3 62 4 161 9 115 142 108 82 19 56 50 5 32 141 12 184 212 98 154 92 195 20 71 135 205 31 60 123 27 113 164 159 
64 87 23 187 167 1 137 164 151 78 102 156 4 80 7 145 161 55 158 10 205 47 121 163 6 108 51 88 44 60 32 63 175 147 208 184 13 155 204 82 180 165 86 85 171 173 136 160 182 75 66 133 71 52 159 169 174 100 130 53 31 89 48 197 202 143 95 198 190 149 27 18 154 9 125 134 168 124 128 26 92 166 49 2 105 46 93 61 96 144 39 183 119 64 90 212 110 25 74 150 194 200 131 172 106 115 40 170 195 192 21 120 19 33 191 69 162 72 14 122 56 50 176 28 114 146 45 91 35 22 5 98 37 185 12 211 57 99 8 132 68 34 0 103 127 129 65 84 41 104 30 116 206 70 83 24 186 36 97 141 29 181 
65 164 121 82 54 29 18 101 186 178 202 55 80 182 94 188 158 100 196 107 126 142 120 117 39 43 65 141 172 160 46 135 174 88 199 79 193 153 154 170 103 15 85 168 1 166 34 110 143 146 14 81 115 91 211 67 89 138 212 136 104 167 0 149 206 144 53 140 57 99 8 187 163 159 75 133 93 23 11 31 10 129 47 137 192 109 198 179 114 7 171 97 95 210 119 76 98 28 195 42 130 201 127 72 16 152 181 69 87 17 155 52 151 203 61 36 68 185 169 96 175 180 190 92 156 173 84 207 116 48 77 70 5 145 13 33 26 44 49 177 134 74 86 184 161 183 2 200 132 22 63 60 125 106 12 102 197 3 56 113 27 20 162 50 71 78 41 35 
66 177 20 157 39 150 27 199 34 145 105 61 194 58 143 205 170 88 181 134 111 11 159 140 55 127 78 211 30 74 207 0 86 42 21 29 133 103 50 35 25 67 84 208 130 108 24 9 40 148 121 132 70 203 73 56 152 47 156 142 87 149 118 154 169 182 85 163 60 53 54 16 51 76 31 193 173 151 195 14 33 23 38 104 10 64 155 171 12 69 77 37 106 90 206 186 26 68 209 19 109 123 144 124 115 113 138 202 153 116 190 210 180 126 100 71 91 158 5 75 46 15 146 196 162 17 98 175 44 1 168 82 63 117 120 6 101 119 141 212 164 160 66 
67 128 159 127 78 149 171 40 90 26 124 108 131 67 107 112 193 82 177 18 201 61 87 139 199 121 3 17 96 160 167 148 130 99 172 20 30 187 22 12 24 103 210 80 152 46 59 36 164 34 63 209 163 120 77 135 45 48 75 129 137 13 86 205 95 188 81 2 116 180 153 134 126 43 142 192 179 178 125 60 212 182 89 49 194 55 50 111 196 162 73 11 79 145 69 41 197 62 186 101 176 140 202 174 1 29 19 21 102 53 37 10 207 175 150 83 118 6 123 166 133 211 85 147 156 169 203 84 70 27 117 151 64 122 190 97 119 161 138 115 168 71 31 155 88 198 104 52 200 165 106 91 0 33 98 38 39 110 65 47 185 183 109 143 74 158 100 114 57 16 
68 134 78 39 97 184 105 0 166 206 182 149 168 48 81 121 95 181 101 62 85 106 102 150 178 155 34 195 200 72 19 120 173 185 175 137 187 122 44 36 209 21 40 113 87 207 163 131 65 76 151 49 123 57 28 192 60 4 203 35 164 127 180 45 156 103 9 128 47 92 14 59 8 135 157 90 58 174 154 75 129 20 68 138 66 165 210 143 73 79 140 83 22 162 144 193 96 201 108 77 114 104 98 124 25 42 94 5 139 54 88 74 27 55 186 167 109 13 29 1 110 33 11 31 84 82 43 142 194 211 46 147 15 24 32 188 56 30 63 183 132 176 7 67 126 212 199 17 161 89 152 50 197 158 86 136 133 51 118 111 169 69 198 18 64 16 190 119 191 
69 94 188 7 59 51 133 165 208 168 112 147 72 67 98 116 45 40 159 182 107 111 15 142 4 199 169 110 61 9 46 160 136 66 50 31 10 192 81 164 88 200 93 205 207 166 17 92 96 87 119 135 161 185 22 78 43 52 21 125 139 79 138 29 210 0 171 3 25 27 113 24 209 163 131 57 153 99 38 148 129 134 34 118 76 109 12 65 144 156 137 23 100 194 13 212 186 167 8 117 18 141 2 162 124 101 149 175 95 32 120 154 64 5 80 172 197 39 201 130 97 37 55 11 83 189 155 150 180 91 75 203 69 102 42 63 195 49 19 202 158 90 105 177 176 132 54 121 36 44 108 106 190 143 86 77 145 123 56 53 127 114 128 146 33 28 198 48 82 157 
70 102 14 212 56 109 144 17 43 137 160 33 59 29 170 134 206 108 130 161 174 152 75 81 26 70 64 69 149 21 61 16 204 30 91 132 10 151 46 34 166 145 195 143 66 126 147 40 63 148 6 42 120 90 154 3 141 101 211 38 111 127 119 98 194 5 82 7 92 67 117 128 207 88 164 55 15 18 62 138 8 191 189 23 116 53 171 177 176 73 79 155 47 106 71 180 162 36 84 139 133 159 20 200 146 124 202 184 77 201 99 121 57 136 95 39 165 74 2 24 37 110 179 158 150 178 208 172 181 122 135 169 41 188 94 54 196 118 12 32 96 168 100 114 186 48 4 87 0 35 11 89 125 140 50 173 210 9 60 129 1 183 13 113 28 83 22 203 153 103 
71 122 106 36 199 181 163 146 12 130 165 44 186 115 113 145 30 47 132 103 187 87 152 131 149 31 79 185 166 37 107 105 124 96 17 4 118 158 6 188 39 211 159 170 27 99 76 8 203 90 40 73 60 64 77 3 177 194 178 63 83 26 167 175 74 144 108 29 200 127 34 207 183 174 33 23 136 82 161 57 172 119 142 24 59 45 18 153 208 68 89 190 138 95 28 182 75 173 141 35 52 15 195 70 72 13 42 69 110 137 97 205 128 54 150 154 102 93 197 53 101 160 5 7 157 61 81 46 98 71 139 116 169 19 191 32 179 86 67 2 112 192 94 111 56 125 209 147 50 21 41 1 133 0 66 196 148 201 156 117 134 180 164 210 62 80 162 206 25 10 
72 56 32 27 61 60 174 160 68 127 85 16 212 89 188 53 181 187 129 139 200 108 6 109 128 84 7 119 78 95 182 208 87 51 205 62 0 92 3 5 100 126 11 23 34 66 31 210 117 80 116 178 50 54 71 164 131 124 110 204 138 133 81 173 120 73 190 132 14 17 107 75 83 101 67 115 10 203 161 196 168 199 46 172 48 9 207 206 146 152 134 144 57 154 24 98 162 169 52 158 21 159 171 176 165 201 105 170 49 151 142 58 148 185 149 76 175 74 157 93 2 43 20 179 65 18 19 55 106 39 79 72 104 114 135 4 194 12 150 28 30 41 77 90 183 40 145 63 13 111 143 202 155 180 35 112 33 94 136 1 42 163 91 137 45 70 102 25 47 
73 153 87 123 175 150 24 40 163 187 77 125 144 134 66 63 33 115 183 91 64 1 166 192 7 22 194 10 201 100 111 200 172 4 95 52 37 70 146 20 133 60 29 202 174 161 159 116 107 142 16 54 204 210 145 41 53 44 139 101 173 65 98 13 17 126 8 75 56 106 11 114 103 30 118 35 209 51 0 162 5 12 184 180 207 197 58 211 129 88 69 21 140 168 179 42 25 195 127 164 43 6 68 121 132 47 46 119 181 27 152 124 206 76 112 61 169 117 171 143 196 141 34 18 105 149 109 158 205 23 160 138 128 31 19 26 120 199 38 190 193 57 71 
74 123 116 18 63 126 49 26 67 14 169 53 164 125 84 134 190 23 21 112 103 101 47 75 193 77 33 210 58 65 195 172 86 34 105 55 111 170 0 1 128 186 196 208 144 173 69 40 39 149 119 117 207 10 85 95 132 30 118 201 66 156 70 158 212 54 129 17 166 108 147 56 27 187 68 183 145 148 12 203 82 211 153 50 157 74 107 159 38 121 174 89 44 19 150 143 175 73 41 182 43 4 93 15 46 57 104 61 87 9 206 138 13 200 6 11 115 20 124 168 141 146 161 7 52 113 204 184 133 114 192 106 162 88 109 37 64 127 194 209 29 100 35 
75 193 115 143 152 105 14 33 153 207 134 130 80 9 161 191 26 12 15 112 205 56 20 154 19 176 69 38 203 62 155 129 185 55 119 75 195 204 208 175 187 160 45 197 65 30 37 73 51 200 24 106 84 168 97 98 11 78 141 92 48 121 171 99 156 201 42 210 17 124 164 67 103 192 125 4 199 110 104 63 128 5 31 2 196 39 126 184 29 88 68 172 18 66 180 70 150 71 198 43 60 127 49 190 177 85 16 34 113 148 95 189 79 178 1 107 27 135 133 61 165 108 82 64 35 87 114 13 57 111 182 54 146 0 167 145 102 122 211 44 100 174 170 151 142 118 28 8 132 91 157 83 76 131 52 149 41 7 72 22 50 158 147 123 137 136 74 138 47 116 
76 147 16 211 144 5 148 173 74 19 33 179 99 194 170 60 92 63 128 88 190 191 85 205 135 154 95 199 89 157 7 104 119 206 73 51 202 21 11 80 200 71 68 109 62 39 183 48 20 22 117 210 140 41 53 10 108 42 86 151 201 196 49 47 162 152 4 14 18 100 143 50 59 187 9 72 78 112 106 40 207 105 168 37 127 171 55 177 96 57 114 98 27 146 204 167 209 145 102 67 125 28 138 159 186 120 93 116 164 149 169 52 83 58 17 8 181 203 31 15 44 36 32 122 123 82 56 64 130 195 133 103 118 142 75 94 1 212 91 188 121 34 43 192 24 84 101 184 161 25 70 46 182 185 166 
77 38 139 142 98 175 123 181 168 167 163 153 145 165 82 169 1 102 54 186 162 111 47 26 37 40 196 132 130 75 155 166 100 56 22 112 71 34 137 161 42 74 144 24 204 173 174 108 99 70 91 208 76 15 43 48 128 198 116 101 125 179 81 90 206 156 133 191 16 199 110 109 85 194 78 103 69 50 105 201 172 188 150 157 113 211 21 14 33 39 0 147 151 182 200 154 2 136 129 30 60 32 192 115 94 29 164 95 57 197 104 124 126 93 53 135 46 89 7 41 19 138 23 35 122 120 203 127 80 86 83 184 84 146 202 106 187 28 114 140 25 209 4 171 149 193 170 195 121 45 6 
78 159 2 69 193 172 9 145 53 72 196 49 126 67 117 91 76 37 181 98 81 16 15 99 115 205 27 132 35 10 113 166 151 5 164 109 195 24 202 183 46 78 188 122 77 95 3 154 150 161 173 105 42 23 87 1 66 187 19 160 182 65 25 36 86 171 165 201 82 50 94 79 179 177 74 207 28 60 111 107 143 97 33 198 96 144 116 40 12 186 192 149 168 129 204 45 39 17 61 127 136 118 32 34 6 156 31 180 20 38 51 106 110 131 119 93 163 146 114 92 157 68 100 176 147 141 55 190 75 137 7 57 153 48 102 134 13 185 54 112 21 124 44 200 135 210 184 121 41 88 191 142 175 101 152 194 209 84 203 83 8 189 199 18 43 80 85 167 56 30 
79 164 53 0 40 43 27 167 79 146 57 161 166 109 13 59 127 54 117 9 200 44 196 97 94 116 114 104 29 72 76 192 152 185 19 175 170 132 42 113 187 165 137 107 163 115 50 178 103 35 32 45 126 206 10 23 154 17 156 6 87 15 21 28 128 4 14 203 89 148 174 211 150 68 121 130 198 7 25 30 67 71 24 159 106 34 149 2 92 60 5 88 135 189 48 52 204 100 157 133 101 56 8 22 111 16 147 182 84 123 18 179 134 75 202 136 90 110 3 83 82 210 26 188 143 131 145 140 193 11 129 63 85 99 33 1 169 65 186 181 74 212 168 38 180 155 55 194 201 119 70 66 105 78 91 96 51 176 36 144 47 37 207 173 86 93 191 197 41 112 
80 176 147 123 200 98 54 141 79 181 129 28 144 55 13 119 203 196 113 157 73 202 118 156 67 170 108 7 41 84 195 89 62 150 51 138 136 10 48 186 122 3 110 102 174 173 177 190 160 93 130 206 159 9 178 52 104 43 164 107 106 199 72 33 171 137 131 111 180 151 57 133 39 115 87 128 109 20 4 68 161 182 34 69 75 85 80 149 50 198 211 112 139 212 25 127 152 121 92 153 142 40 194 59 74 5 11 83 21 208 2 165 15 45 12 64 183 46 65 8 97 169 78 126 185 166 179 124 103 31 0 116 148 117 37 193 6 60 95 154 105 88 172 205 187 207 191 100 209 24 82 140 201 16 71 32 36 91 1 189 163 19 210 26 76 14 96 29 101 30 
81 76 120 144 9 107 172 84 111 35 40 109 150 33 42 85 196 102 104 155 57 139 181 30 153 52 158 149 14 46 208 199 212 24 211 69 148 5 68 180 126 131 198 136 103 44 8 16 179 18 183 55 188 28 207 19 127 96 98 117 168 175 92 73 206 91 116 178 2 110 26 22 29 200 182 152 11 48 141 154 23 49 137 164 176 77 71 166 114 79 63 38 34 177 161 25 142 90 160 121 58 189 130 202 86 185 101 145 94 140 65 108 41 156 6 80 197 87 37 60 59 174 47 159 167 75 3 190 123 82 205 62 31 122 192 81 113 112 170 36 187 54 118 70 97 10 193 201 119 95 32 99 157 191 124 194 72 64 184 186 100 88 17 74 163 4 7 115 138 147 
82 189 121 153 138 169 89 34 106 134 177 198 100 120 24 78 123 49 133 10 36 149 210 51 11 3 6 140 200 211 27 84 68 125 93 16 67 132 15 62 165 109 44 4 74 59 137 203 194 157 166 17 94 45 101 29 7 209 162 26 28 96 184 103 139 86 105 23 2 97 208 174 122 156 77 141 183 38 196 175 52 118 111 128 180 83 30 79 178 0 107 143 172 142 35 31 98 148 147 170 102 119 1 160 14 136 41 212 114 76 205 202 191 176 66 127 80 73 112 20 116 204 91 113 61 129 55 130 193 87 18 195 42 50 159 69 104 186 190 60 85 188 33 90 53 22 99 46 150 179 63 56 88 32 131 192 75 163 92 65 70 161 171 207 173 12 167 117 182 144 
83 141 185 161 47 40 197 24 187 109 155 205 83 147 68 63 69 151 144 26 173 23 87 150 0 204 198 56 192 78 113 28 60 104 194 99 172 184 53 195 183 201 142 174 29 127 209 158 112 133 75 180 211 170 124 169 171 126 84 106 82 35 17 179 119 140 27 199 120 94 88 67 182 202 123 65 13 64 89 49 207 162 212 33 121 156 8 57 132 86 39 146 48 139 91 160 9 154 181 102 200 193 128 153 30 32 10 168 97 117 44 20 103 41 130 101 152 145 129 50 77 42 115 95 7 58 203 73 85 70 18 62 190 107 12 25 5 81 105 1 143 
84 211 120 90 107 76 70 190 102 149 45 180 208 132 184 95 125 75 48 124 193 97 147 54 154 131 188 192 50 69 22 163 29 71 183 173 0 43 41 129 6 139 87 197 179 57 114 72 68 110 167 164 23 205 105 20 187 62 111 38 112 93 100 21 122 98 42 135 55 176 34 141 47 82 2 36 26 144 79 119 133 1 103 150 121 166 78 113 74 81 155 182 44 137 127 186 106 157 209 49 80 52 94 138 207 33 201 101 8 156 30 27 7 83 175 56 169 60 134 15 24 161 39 145 212 96 170 200 162 46 89 109 37 140 58 136 35 115 116 165 204 198 128 142 91 32 25 86 126 151 203 
85 163 179 21 182 69 107 96 15 169 147 145 168 50 204 11 175 48 117 89 104 123 132 98 42 158 151 87 75 93 126 88 110 120 16 31 55 36 24 181 41 161 63 118 106 140 23 191 142 39 178 14 90 190 30 150 138 53 68 195 20 157 203 18 125 192 176 81 153 155 56 200 60 47 57 187 128 180 149 115 13 188 156 208 146 80 194 5 52 136 27 127 189 212 79 84 112 162 26 19 91 171 25 148 134 83 65 135 82 10 44 152 1 165 99 124 177 183 32 38 61 78 103 71 170 64 131 72 49 202 186 199 197 94 109 205 137 8 2 206 113 66 3 102 6 59 129 12 95 45 46 35 51 76 40 9 37 74 43 184 108 166 122 121 54 139 100 33 0 167 
86 16 207 65 71 11 144 52 170 15 179 189 209 22 166 85 48 133 30 142 56 158 176 137 76 102 212 31 14 97 67 168 1 162 88 29 124 190 18 174 6 38 118 177 78 161 63 83 120 197 164 157 82 121 39 0 59 40 198 17 128 181 139 9 61 114 87 103 183 155 196 123 41 112 134 42 206 23 46 94 153 57 140 208 109 202 58 51 151 47 37 113 147 159 93 194 105 54 10 49 100 146 204 24 43 156 175 74 152 64 12 210 149 8 50 20 70 108 185 184 72 193 126 195 27 145 73 188 45 34 186 68 98 203 150 192 182 104 21 99 160 180 172 101 115 92 44 187 130 84 205 148 60 32 89 7 62 
87 138 119 18 63 193 60 74 94 109 70 144 31 200 10 133 157 39 62 8 91 209 205 43 177 52 123 97 20 101 174 11 73 1 49 175 50 7 190 206 61 160 16 211 154 121 90 89 186 38 187 23 148 82 196 182 126 141 13 203 155 116 212 199 106 55 100 156 176 149 77 164 169 146 53 28 166 167 195 47 197 112 78 41 151 12 84 102 42 66 152 113 76 71 32 83 170 88 35 115 143 40 0 210 24 188 114 33 22 5 150 103 64 204 140 29 85 21 96 172 99 171 162 105 72 98 75 120 54 46 51 128 25 87 198 58 15 159 130 4 208 80 17 134 30 139 
88 82 116 110 60 10 196 178 50 179 174 150 177 204 175 190 108 172 107 46 115 138 12 68 44 149 161 13 141 85 124 180 166 20 158 59 189 79 105 16 81 74 71 159 66 113 186 117 164 67 125 176 93 22 86 98 55 156 157 169 198 27 182 47 103 102 4 64 30 146 171 135 122 114 3 209 41 183 152 187 193 99 160 21 111 36 167 24 35 70 77 168 148 145 130 165 53 26 45 134 33 83 112 194 195 25 97 62 197 95 72 51 57 155 2 37 129 6 1 28 128 142 191 147 15 137 88 143 126 65 75 208 8 87 109 5 7 84 23 69 120 162 201 34 39 206 49 40 9 31 96 131 211 118 14 188 170 202 56 0 203 90 136 17 73 38 210 11 133 140 
89 212 169 44 133 13 174 150 20 158 120 187 168 175 62 118 156 179 82 55 211 58 170 4 71 23 53 97 131 189 194 75 104 33 144 203 10 202 43 60 99 113 176 147 106 39 56 84 1 73 141 67 101 70 205 100 123 49 72 93 209 182 204 88 74 18 38 76 41 98 28 173 129 80 180 124 48 137 8 134 145 50 196 95 185 116 46 160 22 21 109 85 103 122 66 47 192 167 31 52 146 177 77 161 25 127 149 117 206 19 34 126 198 90 63 110 210 81 3 151 24 83 125 153 165 108 183 78 54 79 86 68 136 130 190 193 26 138 148 157 5 61 140 115 69 181 30 143 89 208 92 132 11 15 102 139 37 27 42 159 7 171 96 155 152 172 195 188 164 184 
90 186 198 74 100 91 28 174 142 36 71 153 92 98 210 208 55 51 127 173 183 42 76 18 77 129 49 164 121 134 104 7 17 83 149 139 114 61 60 194 171 145 131 37 64 11 24 97 40 5 4 95 88 31 203 93 122 30 72 79 117 123 166 159 184 94 29 158 199 86 34 6 146 113 177 119 132 39 107 15 103 144 193 19 197 75 162 147 23 44 56 152 110 68 2 138 137 105 176 165 109 35 111 192 14 179 128 204 126 136 10 161 59 143 57 108 33 47 25 206 69 148 120 180 207 160 189 205 116 135 12 196 201 187 106 172 191 32 181 155 124 9 65 151 170 185 169 67 175 87 96 66 52 212 43 8 21 13 150 141 81 70 195 78 167 38 202 102 53 45 
91 76 99 166 102 170 125 196 15 193 184 48 34 38 180 100 204 104 28 162 128 25 130 120 134 65 164 67 115 179 60 58 23 62 199 5 82 198 163 31 108 210 85 70 145 24 61 155 32 144 188 19 29 57 124 51 92 68 200 143 209 157 90 126 11 54 56 111 141 139 101 169 17 94 35 175 9 95 103 212 98 84 6 121 152 45 30 129 211 44 52 86 39 97 154 146 12 112 69 192 79 21 149 7 119 2 151 197 66 33 207 177 190 14 183 64 140 78 187 109 114 172 37 0 20 160 136 74 96 93 203 49 182 173 186 42 135 41 77 88 63 156 46 131 75 13 87 205 201 106 1 18 105 47 22 202 117 
92 31 190 124 131 182 86 135 211 46 173 137 147 72 8 148 29 186 80 116 2 193 115 184 78 87 165 92 108 169 126 191 122 37 181 177 12 44 85 205 142 96 204 50 14 197 90 73 11 100 16 107 199 166 34 24 28 114 109 154 69 176 63 49 200 60 102 74 15 198 203 57 39 183 56 99 144 206 168 98 64 208 21 123 5 111 67 141 172 207 97 4 58 156 43 140 106 129 83 95 164 68 188 51 113 170 125 185 19 101 192 195 53 22 138 161 61 71 120 0 10 62 23 167 17 150 160 52 88 159 70 104 134 105 151 133 152 94 76 1 13 127 40 196 178 45 20 158 27 210 93 128 82 32 91 33 121 30 79 48 9 130 153 18 36 84 174 189 132 
93 201 208 61 139 76 95 134 101 160 102 25 104 2 188 151 113 203 54 108 67 64 166 8 109 35 179 193 3 12 20 56 75 124 175 137 53 186 116 182 165 114 21 111 42 93 36 167 5 32 18 141 156 207 13 29 7 34 173 103 22 129 192 96 196 99 132 118 91 57 142 119 97 24 74 117 68 33 131 170 128 210 121 44 202 98 178 49 125 159 150 30 161 48 189 158 147 16 171 9 79 191 199 190 87 185 82 60 164 168 130 169 11 45 154 63 174 162 70 19 88 146 71 40 47 55 127 28 37 148 144 209 198 172 112 136 73 43 122 138 1 41 155 94 39 177 120 106 85 187 77 211 72 23 0 78 51 157 149 200 194 181 62 31 59 83 180 14 26 10 
94 206 89 107 176 184 55 75 183 9 126 171 149 41 138 23 131 85 178 177 25 119 193 83 150 163 120 10 15 65 197 93 147 110 104 112 31 32 80 73 22 164 52 96 11 207 95 72 4 113 128 56 51 100 143 196 49 194 190 160 78 156 13 62 76 71 127 130 2 88 133 86 180 169 36 37 124 68 102 195 165 39 46 26 151 66 140 186 48 45 90 212 57 28 115 81 168 122 6 144 137 199 29 3 12 191 162 152 43 67 136 92 187 105 132 192 17 141 114 121 201 8 54 24 1 123 139 198 40 117 33 50 84 79 157 129 47 42 181 175 108 204 145 148 97 125 94 87 134 44 109 200 20 210 0 91 170 77 82 203 188 61 202 159 209 154 174 5 182 99 
95 44 38 183 105 128 200 177 88 192 27 144 66 122 188 145 123 102 207 4 16 84 31 86 97 73 169 78 18 60 161 100 76 206 140 170 96 26 120 158 36 48 13 168 93 101 211 139 210 197 87 42 55 72 81 89 156 30 172 61 47 108 8 37 49 160 153 94 32 46 83 85 14 58 133 22 162 68 43 163 181 209 142 23 95 198 166 171 189 146 10 77 151 20 99 3 204 6 184 54 118 138 127 9 62 201 53 109 195 167 112 70 148 135 59 15 28 150 52 0 17 104 116 199 159 2 41 64 113 126 155 212 173 75 57 71 39 106 40 7 149 119 185 19 182 98 114 190 65 82 121 74 125 5 143 
96 35 83 72 96 170 46 89 121 67 201 19 184 5 10 21 81 139 22 41 47 94 77 156 183 115 158 91 102 141 191 16 186 169 2 133 23 38 113 137 118 40 193 150 200 173 17 208 145 187 205 143 15 176 210 42 64 101 172 103 179 53 122 131 116 171 144 206 178 188 80 45 197 174 192 105 92 157 61 43 135 112 99 167 168 124 79 142 56 59 207 185 98 49 63 29 177 209 163 149 60 160 134 82 108 3 1 12 194 26 20 129 18 195 69 159 37 165 199 85 13 130 126 76 138 44 212 161 189 182 175 155 75 27 66 117 211 114 136 162 9 148 32 57 7 88 110 107 154 33 30 111 78 140 166 147 4 24 146 100 14 6 152 125 198 68 90 39 123 119 
97 61 212 134 23 36 101 192 129 176 157 193 120 47 34 141 113 71 153 79 6 190 90 149 24 39 139 162 45 137 186 173 189 95 41 22 171 93 4 206 118 194 103 96 123 42 185 121 175 181 195 164 32 126 201 31 85 60 131 7 182 204 210 3 102 80 191 13 155 35 40 169 87 9 179 56 92 28 89 109 86 143 158 72 17 202 172 98 69 18 29 54 177 187 14 180 184 115 114 135 66 166 119 16 196 151 104 165 64 146 167 43 44 207 21 82 161 203 147 77 154 198 25 116 112 105 156 53 124 159 19 110 205 99 132 145 1 12 88 26 65 84 55 15 140 83 78 94 63 163 38 57 51 174 50 208 150 160 27 49 130 133 33 136 68 107 125 11 138 100 
98 153 66 30 53 160 63 57 202 15 138 33 60 51 111 105 77 19 209 166 193 93 201 124 186 87 117 43 89 212 68 127 206 170 61 143 75 9 39 103 133 58 104 37 55 98 174 109 139 54 70 73 95 46 108 183 84 146 171 129 164 123 86 88 85 78 29 10 156 197 47 6 134 52 182 8 38 26 12 121 175 50 114 24 194 132 56 125 16 44 71 67 42 0 107 13 27 211 101 208 90 11 207 18 205 140 20 82 128 74 203 169 181 65 163 31 69 91 106 4 1 187 141 180 22 154 199 142 173 130 120 150 5 147 116 113 179 161 168 149 25 35 40 
99 180 51 89 49 153 152 96 68 41 159 1 56 179 196 112 121 212 187 69 29 65 93 44 166 63 199 146 158 208 73 33 160 138 85 38 7 202 70 61 76 26 64 175 82 130 200 173 201 140 83 205 190 111 197 186 169 60 94 78 97 71 40 66 150 162 206 32 155 182 113 58 106 172 151 72 105 16 91 86 3 145 164 128 157 133 31 4 62 46 126 99 15 193 129 8 55 174 198 87 119 114 211 57 48 74 
100 158 205 112 12 201 38 99 39 119 54 6 91 121 187 30 183 62 114 196 160 189 66 122 103 148 177 37 16 138 0 154 82 33 81 211 4 20 50 88 204 203 192 49 65 156 152 168 199 123 36 83 164 84 127 139 85 161 200 120 5 68 1 24 172 130 135 157 80 146 163 181 23 113 124 166 3 153 118 150 53 2 89 162 41 133 167 70 126 42 125 97 10 106 197 48 78 19 116 25 212 67 101 147 27 159 55 210 60 100 93 96 57 142 207 26 63 109 191 173 149 77 190 170 76 202 186 44 51 179 74 32 90 104 43 92 208 21 71 206 209 198 171 13 52 102 17 94 115 40 185 18 46 15 
101 27 136 45 208 170 78 83 48 147 184 28 68 193 160 109 14 209 143 121 142 62 32 85 88 119 191 124 182 4 44 200 94 162 118 39 53 158 73 133 176 49 129 11 111 115 37 76 210 110 12 112 36 205 2 198 55 98 72 47 31 175 90 206 35 197 17 9 42 148 8 6 145 0 202 105 71 69 167 134 146 13 50 188 194 51 7 22 183 24 135 132 139 108 40 113 107 93 116 30 84 29 10 102 74 15 3 149 114 187 33 25 179 75 56 59 203 144 92 186 120 57 166 192 82 181 168 152 54 100 163 159 211 91 173 20 155 63 161 125 106 1 207 131 126 77 123 89 201 16 79 86 171 137 169 185 21 196 180 97 150 128 103 64 43 117 151 19 130 189 
102 118 147 85 160 25 145 102 3 75 35 28 152 177 67 50 197 211 124 165 91 115 196 198 116 162 64 33 111 201 21 206 150 82 63 175 73 97 170 78 83 193 153 38 205 65 212 37 0 1 112 49 179 40 184 47 140 42 192 20 90 148 133 7 30 149 23 53 95 188 120 183 86 11 151 181 77 14 62 202 109 96 13 174 207 210 158 61 208 126 22 16 169 104 130 84 138 200 6 66 209 173 18 185 190 24 103 69 166 157 57 10 114 89 19 146 31 155 74 87 98 4 172 26 9 159 94 58 156 139 56 51 107 52 68 70 76 199 164 17 34 
103 64 31 209 74 86 67 95 211 203 24 30 178 134 69 151 184 154 212 55 112 115 73 118 108 28 5 79 76 47 51 8 2 139 149 43 125 160 16 206 127 9 133 62 39 94 37 78 60 89 93 52 121 150 26 165 34 174 145 176 54 98 77 71 187 70 111 126 61 36 10 85 204 75 22 117 180 40 136 130 146 135 175 152 96 12 158 0 192 163 23 66 199 29 109 92 194 19 87 201 46 210 123 159 185 129 132 91 168 81 202 172 38 120 25 188 122 207 103 27 104 179 106 153 45 208 142 59 119 6 72 181 141 144 161 53 3 13 41 48 57 182 68 147 32 170 128 167 131 99 196 56 21 143 101 124 107 33 63 42 155 197 18 102 183 44 157 193 166 49 
104 17 8 133 106 11 31 199 198 18 209 156 64 69 173 91 34 67 46 77 195 159 98 183 48 174 47 73 168 113 107 4 207 204 161 35 206 111 49 22 175 51 109 99 52 104 41 200 13 112 144 55 6 25 166 21 143 102 105 62 188 83 56 197 115 141 90 44 65 152 97 172 71 38 23 43 78 68 124 16 193 210 26 58 162 27 85 130 37 94 72 147 12 142 103 30 154 95 20 63 28 66 100 170 116 40 120 140 39 42 50 157 190 86 89 165 187 82 186 9 208 10 75 146 151 118 164 101 74 158 96 202 
105 16 181 183 115 151 177 90 114 71 192 207 44 191 211 40 157 86 125 199 212 20 57 62 209 144 121 52 91 134 67 35 48 158 179 68 194 154 63 165 120 173 204 142 73 11 166 107 18 196 27 32 36 53 105 59 132 117 34 110 161 92 111 103 85 133 188 208 163 51 150 178 43 102 33 168 0 190 122 128 74 10 76 136 119 172 149 17 2 98 81 203 88 202 145 22 8 21 100 138 187 38 70 24 58 45 170 118 4 160 49 167 46 197 30 137 113 193 123 99 146 72 174 200 186 31 101 182 13 169 155 7 96 39 28 3 153 15 129 12 135 201 80 55 42 60 127 47 97 84 143 78 112 5 116 87 61 75 14 185 139 93 175 164 126 6 25 180 184 156 
106 108 61 9 67 77 106 150 28 55 120 101 165 173 10 68 21 27 88 7 117 103 45 51 193 212 166 198 118 203 2 76 79 197 128 46 201 181 126 142 20 64 190 1 18 155 29 125 33 138 95 12 139 99 93 208 188 42 184 24 82 196 169 134 129 132 141 63 38 109 32 113 114 149 157 94 100 124 182 204 22 96 207 168 211 13 115 84 25 175 127 130 89 23 54 15 195 39 189 160 186 30 210 81 53 62 206 56 102 69 52 170 133 98 105 180 192 135 104 209 34 151 164 158 140 6 35 4 162 74 75 205 122 
107 194 100 65 201 1 98 209 177 191 44 118 69 114 89 71 185 81 64 102 143 129 179 182 42 200 40 180 52 63 175 120 171 123 206 163 196 112 25 183 188 111 157 156 76 77 137 197 78 203 99 17 192 131 193 8 149 88 159 150 134 161 28 119 29 136 174 45 35 47 22 164 61 189 13 176 3 128 172 41 115 133 166 2 56 87 21 10 101 90 208 32 73 116 205 144 105 104 97 36 26 16 107 62 181 158 210 141 67 50 169 148 19 20 207 85 110 125 23 75 93 212 48 152 83 12 147 132 9 53 49 46 124 187 57 18 202 30 186 178 142 54 86 126 165 0 127 140 43 167 155 6 95 14 173 5 74 135 60 108 37 199 117 55 96 38 162 80 190 70 
108 61 18 70 25 131 209 76 1 127 141 160 142 17 154 60 80 91 126 90 66 93 65 101 35 176 102 203 114 48 196 133 46 6 42 187 171 170 0 78 21 198 156 43 86 56 121 5 24 173 152 120 79 69 130 29 166 71 23 118 149 62 189 183 148 138 96 49 45 81 57 192 119 33 117 195 150 125 2 124 180 64 178 157 92 193 72 116 84 11 128 109 162 13 182 188 129 167 190 135 77 54 110 39 53 22 145 106 3 95 9 186 185 47 122 159 151 199 147 113 107 52 15 30 134 7 194 163 63 87 89 137 179 143 16 136 19 181 111 207 105 169 38 10 144 75 59 36 83 27 146 12 67 88 26 58 108 4 123 155 37 73 41 28 153 140 191 161 51 206 
109 194 145 189 173 114 191 76 160 162 2 168 53 150 195 193 42 198 146 14 158 92 98 78 48 196 88 74 47 135 141 80 197 209 148 23 151 140 0 111 58 71 40 121 28 115 37 45 62 155 108 152 49 122 81 147 130 101 177 184 4 75 188 90 210 85 18 112 129 134 125 103 117 106 44 113 116 99 24 204 89 8 73 203 142 139 199 120 124 137 192 12 183 7 136 50 179 149 132 9 156 21 200 10 161 1 163 39 60 11 65 119 153 97 30 20 157 26 127 55 43 180 185 83 131 86 102 68 138 93 182 34 33 17 87 19 169 104 5 154 126 208 143 123 190 128 56 159 164 206 41 59 165 94 27 84 51 22 29 79 178 172 64 52 63 181 176 3 66 25 
110 162 158 170 85 35 134 6 46 58 186 50 103 193 121 122 209 152 133 93 73 169 191 77 26 159 156 88 82 124 94 39 102 128 104 37 165 54 56 106 55 15 180 175 22 153 200 151 190 198 138 96 8 206 118 38 196 105 185 71 172 47 28 139 91 69 205 189 194 4 117 183 164 41 113 202 173 111 98 40 74 144 51 101 150 86 203 87 141 25 95 192 149 115 24 177 201 14 62 89 181 32 45 119 140 43 42 174 90 210 182 188 187 145 112 107 52 79 143 130 70 31 75 208 154 16 120 20 99 57 166 157 0 184 155 
111 13 183 106 44 99 46 153 212 54 4 121 15 203 43 141 34 103 205 40 209 47 41 8 101 155 126 39 56 204 169 116 172 146 150 154 25 173 66 161 109 158 24 128 112 14 60 19 42 53 73 62 192 68 48 86 133 186 91 57 124 208 1 50 102 144 58 11 75 185 78 160 70 197 96 89 134 170 95 130 149 100 77 21 6 80 199 113 107 151 26 202 190 156 94 180 120 9 81 27 23 127 143 194 105 38 115 182 29 31 159 7 147 12 28 52 176 211 104 30 97 207 187 22 152 76 64 10 18 5 0 49 65 69 201 179 16 140 83 114 184 
112 108 111 129 58 200 49 126 88 208 15 6 27 92 194 113 128 53 1 41 47 76 51 140 80 119 21 110 197 157 177 173 94 186 135 33 84 134 121 83 176 109 169 164 193 50 70 136 23 39 35 202 158 166 2 155 170 89 7 105 209 146 71 211 123 79 5 144 118 87 25 96 37 150 104 0 198 99 34 196 174 117 190 75 148 156 77 48 20 38 167 30 159 137 32 182 101 16 163 44 120 185 82 81 112 29 183 42 210 149 90 154 122 181 201 130 95 188 62 3 40 68 132 26 142 115 102 106 145 203 179 165 46 151 86 207 98 192 4 31 93 97 14 180 189 153 24 54 191 125 73 131 43 160 175 55 152 78 204 36 
113 172 34 194 77 196 123 64 13 113 120 181 58 41 78 44 157 200 101 2 8 11 5 51 165 12 116 65 103 149 97 118 208 195 90 67 29 178 158 95 47 28 86 96 54 193 136 55 98 211 15 0 174 92 94 182 191 135 203 19 100 122 22 148 169 128 70 10 6 119 85 16 74 80 180 33 108 150 127 30 144 183 201 83 52 37 153 3 40 192 61 189 89 164 14 32 212 185 24 117 111 60 130 45 1 129 173 137 35 142 63 66 38 93 75 91 156 175 147 72 48 188 179 197 110 138 43 99 4 159 88 68 151 69 25 209 133 102 121 204 56 79 114 131 23 53 57 134 140 106 162 49 187 21 31 73 186 210 62 87 104 168 176 190 26 7 71 166 17 126 
114 12 81 35 180 124 167 86 75 54 53 21 178 84 170 123 113 11 79 163 90 204 205 197 193 34 111 70 212 210 150 16 190 19 165 132 148 108 107 22 187 52 29 45 166 149 25 88 39 203 106 129 91 153 164 28 77 121 181 41 51 158 26 92 49 209 115 105 168 76 30 67 201 62 93 183 20 78 136 207 169 100 195 74 4 137 152 117 72 83 58 33 151 144 191 37 68 184 194 157 103 200 31 66 133 71 55 85 1 44 119 64 116 122 7 202 173 6 17 98 23 69 162 182 110 65 10 130 147 140 171 154 80 5 95 112 15 126 109 73 145 172 142 138 118 87 198 2 155 174 199 48 104 99 161 156 127 56 38 102 94 189 42 188 134 9 159 24 61 3 
115 40 138 15 67 87 204 208 159 169 206 172 21 59 3 180 71 142 188 174 141 181 153 54 30 110 37 150 4 146 178 194 27 185 22 140 108 70 151 105 190 193 88 122 171 68 170 116 99 0 144 168 115 166 164 135 12 156 61 128 104 77 179 112 42 97 52 134 6 195 49 149 44 17 20 102 62 143 101 201 136 33 65 126 78 43 209 50 161 157 9 163 162 38 92 83 98 63 158 76 25 175 23 165 129 96 212 48 192 29 147 18 187 120 118 160 16 210 74 103 167 51 45 84 205 11 106 80 86 5 202 183 154 107 85 28 94 47 145 35 32 127 58 36 95 79 155 131 56 133 39 111 203 182 66 57 41 24 124 14 2 173 189 198 125 207 197 137 19 64 
116 210 173 192 104 161 198 46 126 53 25 204 21 189 24 117 209 14 123 124 167 112 13 115 81 157 90 199 88 122 142 23 20 95 97 103 156 71 135 202 83 177 120 5 162 30 27 91 171 54 61 203 49 67 118 32 68 26 106 151 0 148 36 158 16 9 185 102 197 1 8 154 133 212 139 63 60 181 208 170 164 37 130 211 76 3 47 51 84 143 34 207 82 172 12 138 48 168 56 73 150 94 2 188 19 65 169 85 100 111 52 194 33 62 42 152 101 64 113 59 44 28 119 78 58 7 206 140 163 38 182 145 15 39 6 66 77 17 144 125 187 70 11 80 159 149 147 55 201 43 75 200 108 121 109 
117 39 63 109 83 87 190 167 118 121 158 203 166 26 68 207 128 170 96 149 102 42 120 71 30 85 89 11 209 106 9 72 7 182 75 88 159 140 138 169 66 186 151 179 184 112 8 150 133 191 32 113 65 200 115 82 46 23 52 98 155 67 154 3 208 49 205 58 20 125 56 92 104 38 183 94 51 17 50 43 142 16 18 135 197 144 187 157 55 10 34 163 54 5 195 64 192 212 76 119 99 111 177 210 143 172 153 0 70 164 189 90 145 146 97 73 114 31 196 78 53 134 15 28 156 84 95 74 199 101 139 130 86 6 22 162 201 204 194 61 62 202 211 148 185 41 152 93 181 103 206 171 91 147 44 
118 209 10 106 66 197 126 185 93 204 34 118 44 56 1 202 153 31 100 50 40 162 5 75 23 161 67 212 47 26 78 12 105 6 71 125 22 52 108 0 123 112 135 36 198 84 170 13 211 64 96 63 90 30 33 144 152 163 206 149 82 192 14 195 142 25 130 147 58 91 9 20 97 16 57 17 186 120 119 73 128 51 19 38 150 7 74 111 114 154 15 61 32 183 3 157 21 43 155 196 77 145 65 167 207 201 55 59 200 60 189 158 81 42 27 205 88 156 109 187 182 76 166 102 194 70 37 134 103 101 49 199 115 172 80 2 121 127 203 117 148 116 113 138 208 171 92 160 168 39 139 85 48 210 41 
119 80 20 45 14 98 151 15 115 172 69 182 139 158 93 8 125 175 155 9 77 94 10 160 171 72 141 73 177 197 181 138 180 76 50 56 205 192 195 1 168 62 31 116 101 185 67 23 81 26 134 148 71 83 184 127 118 165 124 150 33 17 202 12 122 86 60 48 203 206 140 16 110 207 36 79 199 7 143 121 28 193 200 144 120 87 59 21 212 55 63 109 136 46 88 164 131 27 34 146 123 25 90 3 111 187 170 209 154 156 163 5 43 13 51 135 75 201 58 89 38 0 82 126 41 161 105 65 104 40 47 91 189 149 174 179 132 70 29 54 119 208 204 96 32 198 153 99 102 2 147 188 52 190 49 106 97 39 24 78 108 183 186 4 42 18 112 113 194 64 
120 198 155 199 110 73 1 130 141 48 28 44 125 122 37 14 172 120 189 152 211 34 2 41 191 64 72 36 104 171 75 9 12 22 124 205 106 176 166 17 109 146 134 201 140 88 90 66 138 94 210 61 103 147 84 135 13 87 40 82 161 54 78 192 27 81 96 69 127 99 202 121 60 159 126 183 188 162 43 108 65 50 179 105 71 107 185 173 137 204 123 25 112 165 148 16 101 170 203 150 102 113 129 190 91 74 51 70 116 164 118 168 15 97 92 39 158 8 0 142 45 167 156 181 175 42 56 3 5 11 160 163 67 7 20 184 80 208 200 6 195 151 177 26 207 100 31 154 30 180 193 63 174 194 186 46 10 132 115 58 23 196 53 19 98 139 187 79 89 145 
121 94 80 23 160 138 126 162 66 73 163 149 167 120 21 144 57 4 186 30 194 50 171 113 155 143 195 7 13 14 203 19 83 122 119 59 93 181 172 5 145 106 188 189 86 112 104 34 196 2 123 183 3 61 179 115 41 22 60 102 130 175 111 170 20 26 174 9 124 38 70 98 0 43 11 191 199 207 65 39 79 28 198 116 18 131 204 114 85 55 87 137 51 157 205 202 105 211 153 201 62 91 69 81 151 64 100 141 46 159 71 134 177 103 12 108 88 58 40 193 35 89 165 164 173 10 77 97 53 90 68 95 117 8 1 209 128 176 206 16 42 212 185 146 184 121 154 156 178 56 161 210 24 54 17 152 180 78 182 48 135 101 75 190 72 107 129 52 110 29 
122 152 14 160 97 20 162 103 124 206 79 130 174 62 96 95 129 113 156 13 4 38 164 137 66 182 149 150 61 166 178 48 56 47 141 208 19 45 143 2 94 102 5 24 184 1 67 108 64 44 16 154 87 70 51 147 139 37 177 118 117 189 7 205 107 101 146 148 10 54 42 198 52 123 12 153 11 142 135 35 193 212 199 125 151 3 133 32 176 93 40 158 140 99 83 169 190 201 63 92 144 21 59 73 171 104 134 8 65 200 119 28 211 132 170 22 17 168 75 126 84 185 26 80 195 82 192 203 53 209 18 128 138 6 85 15 78 77 109 9 163 41 122 68 98 131 165 72 100 187 43 145 127 30 196 183 46 88 175 114 86 202 34 89 181 55 159 91 115 
123 155 19 112 177 8 126 158 127 120 88 109 172 82 75 14 41 157 188 62 164 73 9 146 196 190 60 6 96 4 166 150 168 148 99 208 194 210 144 2 85 65 0 203 134 47 72 202 15 61 124 192 149 111 34 42 173 160 46 171 123 125 44 80 7 151 138 57 103 152 182 114 118 204 181 128 199 117 167 198 39 40 27 13 212 33 76 59 1 90 64 102 185 135 97 191 22 93 26 201 10 30 94 81 83 105 53 12 21 189 25 71 68 122 95 28 113 17 106 121 153 70 49 169 108 92 56 209 55 161 139 74 51 32 133 183 48 156 38 24 16 31 11 170 140 116 50 58 211 186 52 206 205 5 67 
124 182 166 211 105 144 135 212 127 142 54 114 33 68 71 183 153 52 67 168 10 101 143 56 26 202 12 4 121 30 209 81 195 21 197 24 22 128 80 74 103 0 39 207 139 157 17 150 2 28 203 102 108 14 146 95 116 70 92 25 23 200 91 11 84 140 7 62 161 106 152 113 201 98 123 48 112 76 160 162 118 117 188 158 130 154 138 177 125 184 20 31 173 38 61 122 55 159 120 147 192 40 1 42 82 163 75 47 90 46 164 53 27 170 83 93 59 194 50 16 111 109 18 196 89 36 99 49 86 148 210 167 44 185 171 65 198 43 66 97 172 134 85 58 187 155 73 156 149 205 6 145 124 189 63 
125 9 128 186 165 30 27 24 137 131 61 174 129 97 67 187 172 26 44 93 73 78 197 28 76 7 119 183 92 91 200 52 190 145 63 163 8 31 45 124 114 143 167 4 65 142 180 33 153 83 107 75 130 201 194 184 181 39 209 20 162 21 199 3 34 101 32 0 208 94 19 90 103 100 193 160 86 191 58 192 109 74 188 148 176 106 207 115 23 105 10 110 55 37 25 35 169 170 49 66 89 50 120 79 168 64 121 152 177 15 182 157 203 150 139 166 40 77 195 51 95 1 84 18 185 5 141 132 47 134 48 6 212 125 196 13 87 133 123 171 118 147 151 155 102 108 135 211 206 96 173 71 158 205 189 88 144 116 146 202 175 62 82 46 70 57 29 210 140 
126 85 27 99 164 10 98 131 52 44 66 54 84 172 108 109 211 86 105 4 15 76 63 0 144 123 26 21 18 20 19 57 62 53 23 77 55 170 36 156 7 142 69 179 48 97 102 94 171 56 151 165 95 153 210 132 115 32 187 40 188 166 116 41 200 12 87 152 68 182 168 137 17 25 90 128 81 46 185 118 88 60 28 79 67 120 45 49 9 64 192 184 190 159 162 92 80 1 114 194 158 133 24 181 127 42 126 106 101 22 160 58 191 208 147 143 146 37 38 161 169 145 82 72 51 173 157 107 31 29 175 204 135 202 139 104 193 70 35 110 155 3 74 198 121 50 2 176 189 212 178 11 134 206 89 111 103 73 6 47 119 39 117 78 16 65 209 201 30 
127 23 197 147 2 62 0 77 175 142 46 124 205 68 8 82 81 50 39 115 185 149 109 71 208 121 155 27 112 96 75 203 118 200 169 91 180 108 154 126 89 182 4 98 183 85 21 207 99 41 31 90 162 166 78 55 209 158 93 106 190 184 128 177 174 130 113 119 187 69 34 51 194 136 104 159 20 105 32 143 100 134 94 135 103 153 6 156 172 152 24 117 171 38 202 16 44 29 192 88 189 42 210 129 139 37 79 83 102 151 191 22 86 204 161 201 181 133 28 173 199 47 14 188 30 40 170 74 150 57 58 120 144 45 140 
128 195 143 139 90 135 138 60 141 77 186 54 169 66 207 85 166 202 38 155 78 179 178 168 84 50 104 106 100 42 71 201 161 134 105 151 113 13 47 109 170 122 45 211 146 96 36 142 7 46 145 144 92 17 80 79 19 11 94 200 58 28 189 67 185 162 68 3 167 9 154 57 121 112 183 203 149 93 137 48 165 176 182 82 181 18 8 101 95 110 16 184 81 172 152 61 205 111 76 204 126 194 51 103 116 70 206 86 30 5 171 87 159 102 133 120 88 14 153 55 65 33 4 29 20 191 23 158 31 108 174 83 62 177 37 1 129 27 160 197 56 22 115 75 73 188 117 164 63 69 35 131 119 190 196 173 0 34 64 53 97 98 150 72 2 15 99 26 
129 196 173 117 187 93 59 159 109 22 153 33 29 69 156 65 42 195 169 120 124 191 55 7 158 149 132 61 88 116 8 167 36 142 4 129 35 177 38 165 106 143 99 53 28 27 56 48 145 140 180 87 135 197 188 162 203 97 181 107 66 12 118 184 0 64 71 75 130 46 58 82 101 94 74 72 50 168 37 40 30 47 44 25 21 179 182 161 15 207 202 95 34 24 147 32 104 171 45 172 131 164 121 92 20 17 10 122 151 155 79 210 166 73 6 90 78 23 148 5 146 108 60 170 204 11 91 183 208 111 136 211 163 186 2 176 19 31 68 199 174 41 76 134 39 67 84 200 100 81 89 127 70 80 138 51 144 125 83 157 1 14 193 123 194 133 49 115 201 63 
130 130 113 99 161 149 166 116 89 184 189 138 38 82 186 46 104 66 109 206 120 3 210 11 142 73 144 81 33 75 86 119 108 147 15 185 98 134 106 208 122 5 194 191 158 117 67 205 195 200 4 127 190 192 77 146 76 160 202 7 167 78 23 20 19 172 53 91 163 26 140 155 72 2 49 112 177 85 88 62 182 168 164 83 153 95 21 123 16 52 57 162 101 156 68 34 30 209 87 196 124 8 121 12 90 139 6 151 24 201 27 25 211 157 169 105 17 187 36 44 152 154 22 1 92 74 94 179 84 28 188 118 114 96 143 50 63 125 133 65 43 148 173 80 212 48 60 14 181 55 102 64 70 
131 104 149 171 113 143 161 205 41 82 126 53 211 78 71 70 120 2 164 8 189 155 185 121 154 197 201 16 31 15 182 73 77 76 10 169 118 87 13 116 106 168 50 9 187 208 47 18 207 12 135 21 3 159 72 138 48 127 80 140 30 142 130 151 179 52 212 84 81 146 90 99 14 0 11 139 7 170 67 89 162 188 92 61 44 153 115 22 32 124 46 17 160 209 6 163 62 60 59 150 119 43 196 39 49 114 186 206 75 181 83 109 20 200 96 40 125 66 195 122 203 63 5 27 194 19 55 123 103 24 173 1 145 33 28 105 25 147 85 192 91 4 56 37 152 102 97 167 26 198 134 144 133 
132 172 211 125 144 156 198 160 28 165 190 60 135 86 14 103 11 76 30 199 108 68 116 53 10 15 139 109 81 24 44 118 89 75 170 3 58 182 50 112 74 196 149 6 147 36 111 136 101 67 41 163 16 25 201 97 8 55 122 27 19 91 141 133 82 197 153 85 98 206 168 104 159 210 169 204 22 93 21 174 0 92 88 107 45 138 63 205 145 20 32 130 128 4 117 34 7 31 132 100 137 26 207 66 129 105 188 123 203 33 120 191 79 18 43 102 9 127 158 84 194 181 65 115 152 12 146 48 189 94 167 95 186 166 57 179 23 192 175 35 90 151 200 87 113 185 42 2 56 62 162 106 83 73 208 212 124 161 13 69 171 126 114 209 110 5 70 1 143 
133 133 168 198 180 179 66 118 117 20 153 27 91 84 69 50 80 63 111 160 107 18 124 131 72 105 169 99 75 4 167 212 188 30 1 137 150 106 34 40 176 39 202 187 199 56 46 125 143 74 110 132 163 113 147 3 88 165 38 67 162 102 140 158 73 54 174 37 22 57 129 23 196 96 43 85 60 190 19 6 194 130 52 141 171 9 178 8 59 32 209 155 204 31 93 78 151 195 142 145 192 123 24 193 13 152 197 134 62 109 159 206 71 47 186 86 79 103 53 191 138 55 120 164 48 14 41 126 177 42 26 121 81 184 200 92 157 89 25 28 101 95 5 201 35 205 104 170 175 154 65 189 112 146 68 185 172 12 149 61 0 136 29 82 207 122 156 49 76 182 
134 82 158 116 185 164 212 28 14 33 86 21 151 48 211 74 145 38 112 47 1 146 70 50 208 198 139 206 119 210 155 39 203 54 83 166 49 199 6 13 10 194 41 114 121 150 163 102 5 32 91 95 16 133 120 162 55 63 144 20 161 66 126 87 170 209 124 156 96 97 205 52 167 42 117 68 127 40 149 100 157 172 171 7 143 168 197 189 8 195 113 111 183 92 101 182 99 105 26 153 115 186 90 134 9 51 135 36 0 24 71 76 106 4 201 43 179 159 31 184 177 123 118 81 27 148 12 138 64 103 30 173 188 125 23 60 56 58 85 204 53 128 109 61 104 34 19 140 160 84 190 22 62 89 57 
135 124 96 6 201 80 198 148 22 42 115 50 92 190 172 88 91 73 13 197 7 134 2 188 49 161 53 14 55 160 87 77 23 109 3 116 181 146 101 206 103 0 159 32 166 47 149 186 93 74 187 205 183 46 58 199 104 61 90 75 142 18 170 98 68 78 48 57 145 195 63 83 169 59 184 128 153 65 34 125 192 157 120 121 51 66 154 10 164 21 36 151 111 40 52 138 139 85 112 82 122 114 17 60 38 191 144 108 168 210 71 158 9 177 106 126 62 94 25 133 127 102 202 113 212 27 56 105 5 15 118 123 70 72 117 208 99 152 179 140 130 67 1 31 167 162 182 203 147 26 11 64 76 185 173 
136 74 68 1 186 75 150 76 6 49 201 72 184 210 67 39 51 8 207 122 48 66 192 189 148 13 65 177 30 120 179 119 202 200 93 41 106 90 20 73 156 25 60 101 78 16 160 85 71 135 109 100 124 17 64 166 167 142 153 56 149 196 70 97 5 18 163 130 114 15 147 121 146 23 83 81 138 128 9 89 87 199 108 205 46 143 4 118 44 116 47 26 14 112 162 42 36 191 194 84 211 103 134 34 151 157 77 63 27 161 32 19 181 31 61 111 24 152 144 183 145 102 105 208 7 173 113 190 155 104 187 159 98 52 133 197 164 158 22 170 171 21 126 94 28 12 195 185 88 38 169 168 3 
137 135 18 42 160 156 16 0 113 22 168 34 121 47 114 155 3 185 163 161 194 187 197 205 148 6 85 96 2 143 109 13 30 73 142 41 203 24 153 192 195 91 90 10 120 139 23 115 184 151 7 25 50 126 128 43 152 53 51 207 75 27 183 200 190 196 26 56 118 211 105 49 188 125 95 54 170 28 100 63 144 202 88 93 130 106 46 209 171 189 4 65 77 20 44 67 124 169 186 159 9 66 138 212 145 166 140 11 177 82 173 198 127 38 179 150 61 157 74 87 57 31 191 68 103 147 37 60 154 81 111 112 52 210 62 40 83 64 158 14 39 5 102 181 122 72 80 21 108 71 48 206 208 
138 112 192 102 17 89 65 165 50 118 136 182 51 202 134 59 199 68 133 142 185 104 78 110 143 100 194 108 54 7 106 128 152 178 170 166 99 137 180 189 8 198 76 127 18 41 71 48 33 129 30 32 55 38 184 84 146 23 141 34 205 79 148 111 169 187 120 28 20 61 21 6 151 116 150 114 49 164 93 95 45 29 181 97 57 121 144 208 42 36 172 171 1 43 179 2 52 67 158 39 140 195 9 31 131 115 163 4 10 22 155 70 109 212 40 90 101 62 14 107 113 207 210 157 11 122 183 206 0 66 139 197 87 161 176 138 190 124 46 126 16 60 193 153 119 56 191 105 77 5 12 103 81 130 196 203 83 63 160 26 204 44 85 73 37 145 69 177 188 
139 110 152 102 129 83 33 41 42 120 121 105 72 116 130 198 181 71 202 98 100 179 18 49 159 143 114 210 1 85 61 211 163 77 80 0 183 28 3 36 32 172 157 184 38 30 212 96 8 189 70 6 94 95 17 170 161 13 99 47 186 148 97 126 158 107 101 193 144 92 81 128 76 52 23 176 180 113 174 45 209 5 66 165 86 173 154 91 31 82 4 60 57 146 79 200 108 24 191 178 134 111 162 145 151 199 15 137 84 109 141 149 48 87 59 131 203 153 156 204 25 208 127 196 177 46 35 67 147 16 160 43 190 37 124 27 75 44 29 10 123 201 78 9 197 139 195 155 63 7 118 64 103 26 106 194 69 14 34 53 39 175 11 74 115 167 166 171 142 
140 37 161 138 129 99 127 199 165 164 44 121 107 173 9 170 141 6 18 140 60 206 39 105 166 184 21 156 88 55 72 123 187 93 14 176 202 198 200 26 51 85 0 31 117 64 186 102 101 75 122 204 157 15 172 74 96 29 36 110 83 46 1 94 192 126 91 61 136 67 147 48 158 63 175 41 153 134 112 115 47 92 54 109 78 149 190 30 179 178 193 5 132 89 90 167 137 81 114 23 146 162 182 169 77 131 53 212 11 139 211 163 203 171 113 181 35 27 71 80 58 150 17 62 38 57 183 42 152 8 168 32 195 28 111 154 120 40 16 189 196 194 188 144 82 145 124 70 191 116 207 118 12 130 34 56 174 133 98 69 87 104 84 210 151 177 185 103 52 142 
141 63 89 135 119 148 184 67 35 95 136 53 101 111 122 7 5 125 66 146 71 188 36 40 178 124 121 118 17 114 68 43 190 92 24 78 196 37 137 0 50 193 104 81 31 3 201 84 145 46 186 83 69 26 181 169 126 109 16 86 156 56 165 82 34 208 116 195 98 117 105 144 51 28 112 45 13 1 70 142 166 202 52 162 180 132 182 107 127 48 128 194 210 41 30 49 177 25 174 61 38 134 158 80 57 99 58 11 27 131 75 79 211 120 88 73 55 106 153 103 191 10 59 97 33 151 90 18 172 85 93 100 2 32 123 198 157 22 189 29 39 23 185 47 91 140 203 42 163 15 179 102 167 170 9 110 115 139 74 175 155 150 143 4 183 147 62 207 96 
142 16 20 133 111 25 35 103 203 19 145 54 161 205 26 140 71 122 14 78 106 63 179 168 38 187 62 153 1 164 174 207 142 22 84 41 85 51 60 186 193 11 160 212 34 91 8 202 138 180 33 156 68 102 9 69 94 114 109 61 143 176 12 32 56 199 119 118 184 31 189 155 125 15 134 46 113 137 44 5 18 57 72 95 17 198 13 39 77 24 101 190 194 42 99 23 121 98 40 73 188 177 157 211 166 43 6 210 152 28 70 47 173 132 83 158 165 112 117 49 53 127 169 162 65 90 116 74 195 87 209 7 196 66 82 30 0 100 104 139 182 146 76 181 115 120 141 154 172 48 64 148 171 170 130 192 