0 65 84 61 9 128 129 67 167 110 76 160 5 13 137 63 134 108 64 127 33 66 92 163 184 11 178 2 135 3 122 179 60 132 153 19 176 7 139 131 136 211 17 185 
2 158 
11 67 92 33 13 129 185 191 66 139 3 136 122 132 12 60 134 45 65 64 110 18 63 36 125 79 7 128 19 163 108 2 76 53 61 167 17 160 10 1 9 137 179 11 
13 180 131 129 141 137 165 29 174 193 132 136 45 178 35 110 107 
15 173 
19 178 59 
24 5 2 167 72 176 132 135 59 185 122 45 127 131 163 129 110 136 125 36 148 97 186 188 
26 77 13 66 10 189 11 9 65 63 178 117 12 61 17 152 73 148 3 18 59 
28 18 12 61 11 17 143 118 63 148 210 13 65 66 152 59 9 189 67 3 77 
29 38 
30 175 131 176 136 180 58 29 79 129 165 193 178 110 137 45 132 
33 136 69 141 107 45 137 132 131 193 174 176 35 110 29 180 178 
34 178 65 13 17 63 66 64 67 61 12 18 10 
37 107 141 35 174 176 178 136 69 175 165 79 193 132 131 45 137 
38 178 79 180 193 35 137 131 132 69 141 29 110 129 136 176 165 
42 45 84 135 160 207 5 129 1 108 132 76 136 60 92 153 7 19 191 3 79 125 53 36 2 176 137 212 179 110 139 185 134 127 
43 152 3 178 148 118 189 77 59 
44 59 148 
45 67 73 3 10 13 148 9 77 65 63 11 64 66 61 17 178 210 12 118 152 
46 110 137 59 196 92 93 55 108 189 136 178 135 166 191 206 148 36 2 72 90 51 111 165 37 45 3 167 210 163 118 
47 152 3 59 17 178 77 73 189 117 13 148 66 12 64 118 11 63 18 67 61 
48 99 121 94 96 31 151 192 191 185 48 180 75 59 32 107 130 140 81 190 125 97 162 72 62 178 68 188 82 
49 180 132 137 45 29 35 107 136 193 129 178 141 175 174 131 176 
50 82 189 107 68 125 191 201 58 162 72 140 31 176 48 182 94 133 99 32 178 198 151 97 96 62 192 180 80 
51 10 189 63 118 59 3 210 77 66 67 73 65 61 117 13 11 12 18 64 17 
55 122 18 12 2 37 55 59 61 164 67 93 13 110 9 206 135 152 118 92 51 11 63 210 196 73 148 131 45 72 64 143 166 117 3 188 167 17 137 90 79 36 98 178 77 
59 38 
60 208 75 79 110 19 155 4 118 185 189 161 165 114 2 209 34 3 59 124 149 127 148 50 135 80 125 144 178 81 176 91 
61 198 51 196 131 90 129 79 141 71 112 56 138 92 122 163 45 108 81 127 125 5 110 94 178 136 165 167 137 128 2 135 89 132 
62 38 
64 117 152 189 178 3 210 118 77 
65 118 38 148 
66 94 59 189 165 178 48 32 102 92 198 167 45 36 110 188 131 81 28 72 185 79 2 137 97 136 135 3 96 
68 148 
72 59 38 
73 92 191 122 97 110 189 80 81 178 102 135 72 59 188 3 167 2 79 32 137 62 36 28 48 131 45 185 198 
74 96 99 72 165 59 137 135 36 122 110 136 83 28 2 176 80 131 198 191 167 81 48 97 79 178 32 45 185 
76 79 107 45 174 132 129 175 131 176 69 193 35 178 110 137 29 
77 67 64 210 59 143 189 11 118 61 66 12 3 178 148 17 117 18 152 77 63 
83 93 3 178 36 59 79 98 191 55 157 37 90 206 189 2 135 165 108 166 118 72 196 167 137 51 110 210 122 163 148 
84 65 210 73 17 59 152 148 77 12 118 18 178 63 11 189 9 117 66 61 10 
86 2 163 191 36 178 165 131 167 19 127 79 122 125 
87 136 110 45 135 142 2 127 168 69 137 92 79 191 189 180 185 108 107 132 194 124 125 178 207 
91 3 123 150 178 118 148 189 80 165 91 59 161 72 191 
92 118 
95 35 178 193 79 165 141 174 131 69 180 45 176 110 137 129 136 
98 28 2 72 176 191 136 48 110 167 137 189 79 97 83 92 32 131 178 122 96 188 135 80 99 3 81 102 36 
99 17 19 168 14 127 24 195 75 101 59 136 148 20 13 25 22 43 21 6 45 36 156 50 77 108 131 120 88 110 42 118 178 194 137 185 12 11 2 81 30 132 149 92 142 95 171 124 52 177 125 27 80 79 116 176 107 144 103 135 154 122 181 183 100 
100 132 110 175 137 35 129 174 45 58 29 180 193 107 176 165 131 
102 106 180 168 45 5 92 59 136 176 135 122 142 132 46 129 39 191 194 123 72 79 131 80 125 81 163 186 167 110 108 
104 131 179 81 184 123 163 136 122 128 194 3 53 24 129 2 137 19 84 211 7 108 132 191 178 185 139 15 125 160 92 1 189 212 153 76 134 176 45 167 
106 47 72 92 172 163 146 36 44 0 49 110 19 167 41 187 48 80 147 50 26 119 8 78 70 85 200 57 176 148 137 87 3 191 171 194 185 152 
110 60 1 33 176 123 63 92 167 127 48 10 12 131 67 17 11 212 84 36 9 148 65 3 5 49 13 97 163 7 53 110 178 160 72 18 19 
111 37 98 93 51 2 196 135 111 90 136 3 148 157 210 164 167 55 92 110 122 72 108 191 206 178 166 59 118 189 131 
112 17 9 66 10 143 11 65 61 63 64 18 
116 131 175 132 79 180 165 193 107 129 141 176 136 110 69 45 29 
117 131 129 137 69 107 165 79 45 178 180 193 141 136 174 132 175 
118 175 193 69 141 136 79 131 107 132 137 35 176 180 129 45 110 
122 204 
123 175 107 137 136 193 176 79 174 69 165 110 131 180 29 178 45 
124 174 180 178 176 137 110 69 175 35 129 107 131 165 45 141 136 
125 161 
126 59 
127 148 125 160 66 61 127 59 63 48 179 65 36 131 110 97 60 178 9 64 92 10 33 212 67 163 53 76 49 11 167 18 211 12 176 84 123 
128 148 210 118 
130 165 29 58 137 35 178 59 79 132 141 129 69 136 110 131 45 176 204 
131 165 193 141 136 176 129 204 35 110 69 175 79 58 180 174 29 45 
132 38 148 
134 175 193 132 79 165 137 174 136 107 129 45 69 180 35 178 176 
135 45 110 141 131 132 136 165 69 178 176 35 175 193 137 107 174 
136 204 107 45 131 174 58 79 29 136 132 165 129 110 193 141 175 137 69 
137 110 29 165 58 35 204 132 45 175 136 176 79 178 180 137 69 107 131 
138 117 
139 58 
141 204 
142 110 2 136 92 178 4 123 159 81 80 135 167 163 59 36 